  0.134080559959737E+04
  0.695157519434182E+03
  0.811592791437843E+03
  0.722432077886274E+03
  0.701360932532453E+03
  0.726944008689190E+03
  0.679550219481806E+03
  0.672873208348499E+03
  0.653223078649284E+03
  0.661700094077231E+03
  0.668613618990600E+03
  0.648842232782386E+03
  0.624562553100359E+03
  0.650742973224162E+03
  0.612652772245943E+03
  0.626158914430849E+03
  0.598271640835871E+03
  0.589769525457907E+03
  0.656107098583359E+03
  0.598329000862345E+03
  0.655778296888787E+03
  0.649882464734241E+03
  0.612088560827706E+03
  0.606875302082736E+03
  0.557505527604091E+03
  0.564525193201823E+03
  0.534515948701522E+03
  0.543610817281614E+03
  0.542022582994818E+03
  0.486133766685792E+03
  0.496935483260485E+03
  0.468572372548370E+03
  0.490421943401757E+03
  0.520736419554093E+03
  0.461098847951136E+03
  0.481536854520948E+03
  0.449225173837777E+03
  0.404474238952692E+03
  0.447941238677492E+03
  0.404423165981784E+03
  0.432727780899814E+03
  0.412084544164166E+03
  0.388421042287152E+03
  0.410717947194606E+03
  0.405822093401831E+03
  0.347489055933450E+03
  0.360151862679171E+03
  0.329131892136099E+03
  0.342434961850967E+03
  0.337578485187422E+03
  0.314486112301600E+03
  0.327317043330315E+03
  0.318721668063730E+03
  0.299459390789322E+03
  0.280997355700285E+03
  0.291752991995901E+03
  0.254324122488080E+03
  0.250553628377432E+03
  0.248413603661831E+03
  0.226223467466488E+03
  0.213054092912723E+03
  0.218194321056683E+03
  0.233536652067357E+03
  0.197872251735352E+03
  0.228472352115749E+03
  0.174033625279476E+03
  0.234848765973595E+03
  0.184212500915612E+03
  0.159019023456347E+03
  0.150112776974238E+03
  0.155633354384983E+03
  0.155441894906547E+03
  0.141132981624726E+03
  0.176132489125319E+03
  0.108878009725311E+03
  0.140144693475715E+03
  0.125294195195067E+03
  0.109427228970794E+03
  0.880467837466144E+02
  0.932553740357317E+02
  0.731387675794099E+02
  0.703695956061765E+02
  0.658861004213622E+02
  0.533522303843022E+02
  0.738251381480534E+02
  0.621750109374699E+02
  0.314758257384521E+02
  0.810331858691220E+02
  0.218167059467989E+02
  0.318384871717290E+02
  0.869386807799846E+01
  0.220173142295755E+02
 -0.227097079867809E+02
 -0.188219820007801E+02
 -0.431038126544858E+02
 -0.429337825011679E+02
 -0.709925117660022E+02
 -0.559875709106023E+02
 -0.634651544749919E+02
 -0.757377656233959E+02
 -0.797289739029240E+02
 -0.819070840530004E+02
 -0.765562241045050E+02
 -0.931623065295755E+02
 -0.965907294225427E+02
 -0.801427626171516E+02
 -0.101928404556673E+03
 -0.102048651996658E+03
 -0.108200510840106E+03
 -0.968433855680665E+02
 -0.115920011576606E+03
 -0.125947949590940E+03
 -0.133144136700213E+03
 -0.155720556130469E+03
 -0.154179700544060E+03
 -0.157177488678541E+03
 -0.171935223589929E+03
 -0.177983680036736E+03
 -0.185675329684785E+03
 -0.173399596456510E+03
 -0.202796277803636E+03
 -0.195693569225734E+03
 -0.200470572215730E+03
 -0.202950187786948E+03
 -0.221903937570932E+03
 -0.203975000952576E+03
 -0.232392065832794E+03
 -0.221264416180946E+03
 -0.244451295817811E+03
 -0.240146226236166E+03
 -0.253469809837866E+03
 -0.261260277665505E+03
 -0.252351013525665E+03
 -0.285079477761497E+03
 -0.264843190752757E+03
 -0.291660954713231E+03
 -0.275402247432408E+03
 -0.284100604999048E+03
 -0.293136040008947E+03
 -0.280017198556936E+03
 -0.302977135801963E+03
 -0.292743651565938E+03
 -0.315852237096237E+03
 -0.308997243158261E+03
 -0.317607289276969E+03
 -0.321605156605552E+03
 -0.339552014833227E+03
 -0.336992035598496E+03
 -0.336290934058117E+03
 -0.350691313316666E+03
 -0.366364480544743E+03
 -0.357000889443572E+03
 -0.379693237025647E+03
 -0.350613709555315E+03
 -0.379402629762494E+03
 -0.369980058316803E+03
 -0.379965686008518E+03
 -0.360214975263241E+03
 -0.366056378594744E+03
 -0.364476374716312E+03
 -0.364274168108122E+03
 -0.371403394120564E+03
 -0.375154501984030E+03
 -0.374700141586515E+03
 -0.353974825348339E+03
 -0.365820079269353E+03
 -0.383754070572502E+03
 -0.379717333788910E+03
 -0.387590839921120E+03
 -0.369653862375369E+03
 -0.389537936048533E+03
 -0.367225790683740E+03
 -0.371824231675546E+03
 -0.367294636144800E+03
 -0.360840974512581E+03
 -0.361545949893314E+03
 -0.351010698629800E+03
 -0.339991150911707E+03
 -0.340582441945534E+03
 -0.334968286239050E+03
 -0.354413527050435E+03
 -0.349438025304678E+03
 -0.340692022374595E+03
 -0.355329444803125E+03
 -0.343693522107374E+03
 -0.346779336193907E+03
 -0.345876039441639E+03
 -0.322607577809279E+03
 -0.308739882951338E+03
 -0.289339623384542E+03
 -0.310212263996384E+03
 -0.304315655493670E+03
 -0.281521162381667E+03
 -0.284265662409343E+03
 -0.293110513775074E+03
 -0.306571334221601E+03
 -0.290343256617336E+03
 -0.289305103141699E+03
 -0.285382422910436E+03
 -0.287685323751171E+03
 -0.300519101447561E+03
 -0.277054763465427E+03
 -0.277292049293943E+03
 -0.287365066342956E+03
 -0.254601771720063E+03
 -0.278363430500023E+03
 -0.262764100568171E+03
 -0.245934603116334E+03
 -0.241919959198145E+03
 -0.215809059760632E+03
 -0.209190889982052E+03
 -0.226590313582334E+03
 -0.195371750765707E+03
 -0.198766131714399E+03
 -0.181984708470075E+03
 -0.183580904138507E+03
 -0.173562739634116E+03
 -0.237101505058208E+03
 -0.207715164357885E+03
 -0.221749985588785E+03
 -0.178047753514055E+03
 -0.191905119430999E+03
 -0.172471678408591E+03
 -0.175185726574776E+03
 -0.174196416481099E+03
 -0.140040956010397E+03
 -0.162266787292038E+03
 -0.152269070281647E+03
 -0.123244658014437E+03
 -0.133193677660934E+03
 -0.116888841822082E+03
 -0.125940799484785E+03
 -0.127844519718769E+03
 -0.123875119097909E+03
 -0.769774767038676E+02
 -0.108317083724529E+03
 -0.975678625820223E+02
 -0.106885768338440E+03
 -0.122280635438752E+03
 -0.119321583263021E+03
 -0.120511355747855E+03
 -0.100929009838371E+03
 -0.100867947072472E+03
 -0.595909485271499E+02
 -0.835293543106018E+02
 -0.410530739770936E+02
 -0.892120557860052E+02
 -0.672681332950153E+02
 -0.395022129434361E+02
 -0.728378658866083E+02
 -0.485929633673817E+02
 -0.407327065594707E+02
 -0.526730187210137E+02
 -0.438259859183602E+02
 -0.296929550925299E+02
 -0.603436052939566E+01
 -0.169390807154229E+02
 -0.444592051726055E+02
 -0.302488056672055E+02
 -0.673618453885048E+02
 -0.524111959583636E+02
 -0.352067639174280E+02
 -0.410487601577942E+02
  0.224510348623176E+02
 -0.195368184188498E+02
 -0.180466316037391E+02
  0.101330819721618E+02
 -0.185885880014182E+02
  0.297769703534169E+02
 -0.199525692126018E+02
 -0.222021397768963E+01
 -0.161691245643598E+02
  0.245578116223118E+01
  0.527265526802834E+01
  0.157002525008512E+02
 -0.978494988277841E+01
  0.393748397849510E+02
  0.762398248209896E+01
  0.388969778993761E+02
 -0.108254840713758E+01
 -0.231572128093900E+01
  0.113048675266581E+00
 -0.948934945236112E+01
  0.219725891476529E+02
 -0.224549494716694E+01
  0.265274648550741E+01
  0.302451456694776E+02
  0.398135980806281E+02
  0.315115418963803E+02
  0.417852719032350E+02
 -0.104185485931872E+02
  0.625634514426912E+02
  0.248459200677806E+02
  0.254677860491184E+02
  0.768073230900455E+02
  0.247984913325851E+02
  0.134008836980856E+03
  0.606941719395997E+02
  0.698754000595547E+02
  0.728251895406839E+02
  0.753309148849276E+02
  0.107561669388228E+03
  0.553234891105138E+02
  0.861009402293147E+02
  0.425572343646412E+02
  0.549816791909682E+02
  0.746508800506843E+02
  0.751971344291407E+02
  0.426987251332139E+02
  0.902793589464670E+02
  0.617374661952801E+02
  0.591940339170420E+02
  0.697914519852164E+02
  0.556511334289199E+02
  0.890091199459021E+02
  0.627760164918616E+02
  0.945676485747095E+02
  0.788339886040965E+02
  0.108823564599720E+03
  0.725895960754360E+02
  0.897640238484332E+02
  0.109509142711142E+03
  0.870409711360936E+02
  0.728141645439748E+02
  0.894616353906918E+02
  0.565456776117445E+02
  0.596683346974873E+02
  0.837976310206602E+02
  0.681606746903550E+02
  0.789607586347664E+02
  0.681543852922023E+02
  0.593979426136202E+02
  0.543028187734867E+02
  0.469412815068395E+02
  0.757567053952281E+02
  0.648426145562257E+02
  0.790668885801370E+02
  0.673078892104253E+02
  0.702493404165097E+02
  0.543942430258216E+02
  0.640681322189555E+02
  0.563058953134384E+02
  0.400771834596071E+02
  0.591284576277728E+02
  0.456276043780757E+02
  0.473162474987095E+02
  0.515887130083429E+02
  0.455078748634206E+02
  0.310910776694654E+02
  0.534078708826548E+02
  0.327012380824598E+02
  0.400642705096989E+02
  0.445236636059775E+02
  0.495245890479970E+02
  0.353826043602622E+02
  0.305320676687142E+02
  0.411895493368029E+02
  0.279278217327069E+02
  0.287953659310327E+02
  0.208811258198708E+02
  0.257005488152158E+02
  0.211872738900133E+02
  0.288012432732553E+02
  0.222897828743359E+02
  0.284445068682897E+02
  0.158208899615085E+02
  0.176779377338567E+02
  0.118690273507448E+02
  0.169607575787403E+02
  0.304541476173437E+02
  0.212227648544872E+02
  0.116145880066871E+02
  0.201732649475596E+02
  0.430500971908764E+02
  0.623081804888450E+01
  0.170816012561497E+02
  0.368072087652406E+01
 -0.976741302440550E+01
  0.275677080661048E+01
  0.411142900644116E+00
  0.265561361513214E+00
 -0.693447669343127E+01
  0.304015247589302E+01
 -0.372226297549496E+01
 -0.114089454965134E+01
 -0.195711639801719E+01
  0.598172295211129E+01
 -0.644490584706631E+01
  0.170892078968133E+00
 -0.311237238139227E+01
 -0.176490059042311E+00
 -0.325840369718960E+01
  0.149552382206805E+01
 -0.321212626761588E+01
 -0.221952080201791E+01
 -0.868639568825079E+01
 -0.115728820823383E+02
 -0.948669436785740E+01
 -0.106906423108224E+02
 -0.113921044389820E+02
 -0.130271994722489E+02
 -0.136591549010443E+02
 -0.123367857710605E+02
 -0.133592961867867E+02
 -0.106020203492945E+02
 -0.129278726663366E+02
 -0.992629937671644E+01
 -0.116853198849857E+02
 -0.698389502028431E+01
 -0.131139263324736E+02
 -0.692061976795562E+01
 -0.969597598539804E+01
 -0.699376482233439E+01
 -0.743702288993367E+01
 -0.101653205966187E+02
 -0.159972749802241E+02
 -0.158208262440507E+02
 -0.159530603090560E+02
 -0.148835470553963E+02
 -0.137092310926346E+02
 -0.119223329817065E+02
 -0.121747813004395E+02
 -0.100568389619880E+02
 -0.114109398755724E+02
 -0.899489055737171E+01
 -0.107716030113278E+02
 -0.854353744593274E+01
 -0.746020586648681E+01
 -0.742262250040636E+01
 -0.666522152989196E+01
 -0.547998615964524E+01
 -0.542283304812163E+01
 -0.431792717982535E+01
 -0.386454013874105E+01
 -0.358649994896572E+01
 -0.337238243830375E+01
 -0.319566170212787E+01
 -0.304591558364828E+01
 -0.291617669682159E+01
 -0.280196256364265E+01
 -0.270023580135407E+01
 -0.260952318563405E+01
 -0.252735054859346E+01
 -0.245280256873726E+01
 -0.238471211468423E+01
 -0.232245313344738E+01
 -0.226474902084337E+01
 -0.221169100912186E+01
 -0.216275157033022E+01
 -0.211695419168680E+01
 -0.207464619297139E+01
 -0.203479489757291E+01
 -0.199763949793687E+01
 -0.196308927696907E+01
 -0.193031086221139E+01
 -0.189964100336651E+01
 -0.187065496601327E+01
 -0.184331262096539E+01
 -0.181756249792445E+01
 -0.179285924279012E+01
 -0.176949209608611E+01
 -0.174790067570042E+01
 -0.172646877479659E+01
 -0.170680390058240E+01
 -0.168769329141446E+01
 -0.166943662605685E+01
 -0.165219426128847E+01
 -0.163555585128754E+01
 -0.161979819413781E+01
 -0.160424651330000E+01
 -0.158950716502203E+01
 -0.157563967935920E+01
 -0.156174589237405E+01
 -0.154911371490646E+01
 -0.153617568882665E+01
 -0.152439686183768E+01
 -0.151247345626818E+01
 -0.150106548870223E+01
 -0.149049142289531E+01
 -0.147968257705937E+01
 -0.146960905549374E+01
 -0.145959725142454E+01
 -0.144979416515566E+01
 -0.144044567183824E+01
 -0.143145456551739E+01
 -0.142269690041461E+01
 -0.141410727544693E+01
 -0.140562980121884E+01
 -0.139754939444510E+01
 -0.138970600382491E+01
 -0.138183766950613E+01
 -0.137439004428352E+01
 -0.136680724558178E+01
 -0.135960946805308E+01
 -0.135270647492550E+01
 -0.134526016958788E+01
 -0.133887483062358E+01
 -0.133197886349629E+01
 -0.132571807243513E+01
 -0.131908421623804E+01
 -0.131318224798147E+01
 -0.130700631539920E+01
 -0.130076226508666E+01
 -0.129495149594942E+01
 -0.128889003592062E+01
 -0.128297523883821E+01
 -0.127738308178032E+01
 -0.127183266154732E+01
 -0.126645283037153E+01
 -0.126093180424190E+01
 -0.125553868809762E+01
 -0.125062406490747E+01
 -0.124520187647906E+01
 -0.124009296565401E+01
 -0.123541745511371E+01
 -0.123000292925266E+01
 -0.122501763954121E+01
 -0.122040269242557E+01
 -0.121523053951925E+01
 -0.121077213652113E+01
 -0.120612132351550E+01
 -0.120172790542413E+01
 -0.119679422268563E+01
 -0.119229631897913E+01
 -0.118783668981128E+01
 -0.118335991412834E+01
 -0.117879503750676E+01
 -0.117434133520137E+01
 -0.116997718969463E+01
 -0.116585864125090E+01
 -0.116181439388138E+01
 -0.115738718892860E+01
 -0.115322568196691E+01
 -0.114914799136180E+01
 -0.114506076183340E+01
 -0.114088957997396E+01
 -0.113688738105031E+01
 -0.113267295979695E+01
 -0.112865236026386E+01
 -0.112501874655236E+01
 -0.112099547329063E+01
 -0.111704624625307E+01
 -0.111316264472032E+01
 -0.110932088230821E+01
 -0.110543880028528E+01
 -0.110157304034294E+01
 -0.109751724597435E+01
 -0.109409288941636E+01
 -0.109024285790829E+01
 -0.108656571370290E+01
 -0.108291413787716E+01
 -0.107922911651562E+01
 -0.107567036719347E+01
 -0.107183223808535E+01
 -0.106852219745914E+01
 -0.106461643406765E+01
 -0.106132165985664E+01
 -0.105787847645263E+01
 -0.105418019916904E+01
 -0.105054668532764E+01
 -0.104706623506666E+01
 -0.104359622025736E+01
 -0.104027047717251E+01
 -0.103684922866822E+01
 -0.103342794848066E+01
 -0.102996163288712E+01
 -0.102642068537458E+01
 -0.102344993832510E+01
 -0.101976470963974E+01
 -0.101621934646669E+01
 -0.101316692747616E+01
 -0.100982811753179E+01
 -0.100663623124251E+01
 -0.100350306956153E+01
 -0.100031388738600E+01
 -0.996865473442271E+00
 -0.993866040178573E+00
 -0.990716833418343E+00
 -0.987290044905480E+00
 -0.984154446074361E+00
 -0.980841337255036E+00
 -0.977878771512119E+00
 -0.974726450476134E+00
 -0.971743763652925E+00
 -0.968590877853386E+00
 -0.965400503330923E+00
 -0.962173874835806E+00
 -0.959289143931806E+00
 -0.956182197188922E+00
 -0.953077038953592E+00
 -0.950081069909271E+00
 -0.947004621290772E+00
 -0.944037816340663E+00
 -0.940968488179718E+00
 -0.937958319409512E+00
 -0.935138172240934E+00
 -0.932071861600682E+00
 -0.929163511366960E+00
 -0.926264922962276E+00
 -0.923235390794173E+00
 -0.920243285409129E+00
 -0.917361679058286E+00
 -0.914498008622221E+00
 -0.911502528329908E+00
 -0.908732999267591E+00
 -0.905723864958851E+00
 -0.903251929340149E+00
 -0.900118925911229E+00
 -0.897378622901841E+00
 -0.894579940548721E+00
 -0.891702224802834E+00
 -0.889047077583069E+00
 -0.886085038937935E+00
 -0.883472438898911E+00
 -0.880612675507219E+00
 -0.877828213605553E+00
 -0.875430709386062E+00
 -0.872227355004856E+00
 -0.869856480190584E+00
 -0.866811660123215E+00
 -0.864386934795478E+00
 -0.861631876705265E+00
 -0.858856407127840E+00
 -0.856460411350661E+00
 -0.853375917230211E+00
 -0.850835180009720E+00
 -0.848255878932934E+00
 -0.845522651562711E+00
 -0.842820339838513E+00
 -0.840264869665855E+00
 -0.837622684150541E+00
 -0.835072302513342E+00
 -0.832476951310631E+00
 -0.829929129997113E+00
 -0.827310482626615E+00
 -0.824646737231092E+00
 -0.822096299487362E+00
 -0.819749596528790E+00
 -0.817137328548418E+00
 -0.814575081564460E+00
 -0.812158981193138E+00
 -0.809578414554103E+00
 -0.807119155479963E+00
 -0.804644409542828E+00
 -0.802174394442894E+00
 -0.799692604226300E+00
 -0.797199583168072E+00
 -0.794639515135052E+00
 -0.792428693073793E+00
 -0.789954759933780E+00
 -0.787645224665504E+00
 -0.785121407050545E+00
 -0.782420148639698E+00
 -0.780168226198083E+00
 -0.777868546239450E+00
 -0.775591338646037E+00
 -0.773095091111409E+00
 -0.770695200981766E+00
 -0.768314946357824E+00
 -0.766050275361669E+00
 -0.763570872965366E+00
 -0.761370587059047E+00
 -0.758963640471422E+00
 -0.756820546239786E+00
 -0.754403380317551E+00
 -0.752217180926990E+00
 -0.749919642383115E+00
 -0.747564599822392E+00
 -0.745235165843214E+00
 -0.742992551152399E+00
 -0.740730773979404E+00
 -0.738248153535259E+00
 -0.736138417392076E+00
 -0.734000145389380E+00
 -0.731606543092568E+00
 -0.729309855512249E+00
 -0.727381689172312E+00
 -0.725062388606652E+00
 -0.722957344052366E+00
 -0.720876052611207E+00
 -0.718530147452123E+00
 -0.716339395497250E+00
 -0.714255915875387E+00
 -0.712137777864552E+00
 -0.709869762684219E+00
 -0.707740423948899E+00
 -0.705599896269901E+00
 -0.703486375175819E+00
 -0.701398925714803E+00
 -0.699496131344100E+00
 -0.697485231629120E+00
 -0.695044397430381E+00
 -0.692959004916218E+00
 -0.691076309471910E+00
 -0.688772155759233E+00
 -0.686770953130308E+00
 -0.684605366323075E+00
 -0.682690227123650E+00
 -0.680813612552492E+00
 -0.678523998462644E+00
 -0.676735211487258E+00
 -0.674482360469941E+00
 -0.672501433825555E+00
 -0.670513190362207E+00
 -0.668592615542689E+00
 -0.666573575230015E+00
 -0.664683431514326E+00
 -0.662441238660699E+00
 -0.660558817904397E+00
 -0.658484845525647E+00
 -0.656717994139908E+00
 -0.654589674468401E+00
 -0.653012648910810E+00
 -0.650935128321766E+00
 -0.649046743816469E+00
 -0.647095441335024E+00
 -0.645138644980602E+00
 -0.643171522519550E+00
 -0.641570956791072E+00
 -0.639485657749626E+00
 -0.637577492658322E+00
 -0.635689808873055E+00
 -0.633710455261226E+00
 -0.632087532764679E+00
 -0.630105660735031E+00
 -0.628134637920995E+00
 -0.626254656536906E+00
 -0.624496091329996E+00
 -0.622488435361662E+00
 -0.621032746198326E+00
 -0.618825695873763E+00
 -0.617309873861998E+00
 -0.615466507912861E+00
 -0.613507668888391E+00
 -0.611975529448196E+00
 -0.609962276709930E+00
 -0.608242723757962E+00
 -0.606228091564501E+00
 -0.604627657215332E+00
 -0.602685733399563E+00
 -0.601040902789655E+00
 -0.599205842541956E+00
 -0.597391959235587E+00
 -0.595600767715148E+00
 -0.594156749618559E+00
 -0.592331953753601E+00
 -0.590694319293373E+00
 -0.588857151130230E+00
 -0.587195037107066E+00
 -0.585539900512455E+00
 -0.583681738433293E+00
 -0.581820782547804E+00
 -0.580236449187053E+00
 -0.578702570375962E+00
 -0.577146511035770E+00
 -0.575290629698886E+00
 -0.573716623705794E+00
 -0.571957185354226E+00
 -0.570220581001736E+00
 -0.568784779006311E+00
 -0.566802930188095E+00
 -0.565023062840885E+00
 -0.563712699937262E+00
 -0.561801922741595E+00
 -0.560543718967037E+00
 -0.559094122684654E+00
 -0.557074393965125E+00
 -0.555657009842734E+00
 -0.554067855356807E+00
 -0.552478095840980E+00
 -0.550720842609485E+00
 -0.549386632659799E+00
 -0.547770634038592E+00
 -0.546128583021589E+00
 -0.544619226714139E+00
 -0.542655726099389E+00
 -0.541602576751370E+00
 -0.539788722522354E+00
 -0.538340277466565E+00
 -0.536581802493567E+00
 -0.535344325144741E+00
 -0.533539824453728E+00
 -0.532263548803404E+00
 -0.530434957959631E+00
 -0.528970992461790E+00
 -0.527613318580311E+00
 -0.525897692376381E+00
 -0.524811069132781E+00
 -0.522877832825153E+00
 -0.521630033712578E+00
 -0.520135768482616E+00
 -0.518702236833992E+00
 -0.517080517591101E+00
 -0.515747977109549E+00
 -0.514202555958310E+00
 -0.512932675780013E+00
 -0.511221490929591E+00
 -0.509804640589669E+00
 -0.508366698670327E+00
 -0.507085276199476E+00
 -0.505421422433416E+00
 -0.504239364133864E+00
 -0.502514155208872E+00
 -0.500982904101389E+00
 -0.499658009847630E+00
 -0.498261548769737E+00
 -0.496781507121671E+00
 -0.495626269516296E+00
 -0.494320829312183E+00
 -0.492527947402199E+00
 -0.491604262265467E+00
 -0.489914109214388E+00
 -0.488578068750675E+00
 -0.487161759938521E+00
 -0.485654276235218E+00
 -0.484511054213150E+00
 -0.482971693437378E+00
 -0.481537940733312E+00
 -0.480213368654575E+00
 -0.478882497600830E+00
 -0.477554895506501E+00
 -0.476412483510046E+00
 -0.475015877280676E+00
 -0.473749754582070E+00
 -0.472097008171295E+00
 -0.470901902113193E+00
 -0.469794725940776E+00
 -0.468323578630214E+00
 -0.467032174562869E+00
 -0.466009799362370E+00
 -0.464448194799306E+00
 -0.463156721000834E+00
 -0.461828984512017E+00
 -0.460603415752362E+00
 -0.459194566937440E+00
 -0.457929970601622E+00
 -0.456678186490001E+00
 -0.455615902846518E+00
 -0.454043050023066E+00
 -0.452875955129423E+00
 -0.451549990649490E+00
 -0.450358549799836E+00
 -0.449187870829033E+00
 -0.447781857771857E+00
 -0.446730546842822E+00
 -0.445359550739892E+00
 -0.444172595300198E+00
 -0.442808389257628E+00
 -0.441702202955758E+00
 -0.440518695144684E+00
 -0.439292837096793E+00
 -0.438067448152614E+00
 -0.436641509573333E+00
 -0.435698023360767E+00
 -0.434400490786338E+00
 -0.433320522361744E+00
 -0.431851018207341E+00
 -0.430833556386668E+00
 -0.429642791299859E+00
 -0.428538249069587E+00
 -0.427380160798430E+00
 -0.425993639438840E+00
 -0.424920708751192E+00
 -0.423727768363941E+00
 -0.422665816818918E+00
 -0.421082156923285E+00
 -0.420138042218272E+00
 -0.418661774704374E+00
 -0.417829391559972E+00
 -0.416354680975189E+00
 -0.415332745370010E+00
 -0.414221443750765E+00
 -0.413102906700312E+00
 -0.411972153064939E+00
 -0.411007792140590E+00
 -0.409734130620855E+00
 -0.408666706332807E+00
 -0.407752571891706E+00
 -0.406450167427861E+00
 -0.405418919951233E+00
 -0.404394029716026E+00
 -0.403110354294909E+00
 -0.402179224137915E+00
 -0.400977195931632E+00
 -0.399952713861216E+00
 -0.398741370484544E+00
 -0.397672518406046E+00
 -0.396598781655050E+00
 -0.395668368236323E+00
 -0.394195544200971E+00
 -0.393155271896813E+00
 -0.392253191411750E+00
 -0.391097495364580E+00
 -0.390188924167620E+00
 -0.389167342224357E+00
 -0.387994068357422E+00
 -0.387008837404424E+00
 -0.385920246860450E+00
 -0.385055114849112E+00
 -0.383595273591808E+00
 -0.382734961168304E+00
 -0.381587904617705E+00
 -0.380587647252479E+00
 -0.379735325256061E+00
 -0.378680042887637E+00
 -0.377715439565388E+00
 -0.376441587847658E+00
 -0.375622576127939E+00
 -0.374274019846812E+00
 -0.373464854086916E+00
 -0.372597294174390E+00
 -0.371279102709562E+00
 -0.370673511754709E+00
 -0.369418637353148E+00
 -0.368475589500801E+00
 -0.367392647102721E+00
 -0.366469514427515E+00
 -0.365621220909007E+00
 -0.364459684846408E+00
 -0.363352648067785E+00
 -0.362647191800355E+00
 -0.361584900025382E+00
 -0.360547205915052E+00
 -0.359691585071040E+00
 -0.358761039331978E+00
 -0.357587088835741E+00
 -0.356720214642822E+00
 -0.355934436814101E+00
 -0.355004312344115E+00
 -0.353984963417589E+00
 -0.353024292500476E+00
 -0.352054853577056E+00
 -0.351081474052521E+00
 -0.350174551415863E+00
 -0.349155387393727E+00
 -0.348114743417971E+00
 -0.347225457328629E+00
 -0.346394075704676E+00
 -0.345430815485282E+00
 -0.344553278369318E+00
 -0.343500455360255E+00
 -0.342582428860005E+00
 -0.341952513461238E+00
 -0.340624909648696E+00
 -0.340047390907689E+00
 -0.338899198995508E+00
 -0.338127497639001E+00
 -0.337138183289430E+00
 -0.336350529118131E+00
 -0.335327947201956E+00
 -0.334444674037747E+00
 -0.333667234410715E+00
 -0.332772911634600E+00
 -0.331729036750434E+00
 -0.330925831542053E+00
 -0.330000451746820E+00
 -0.329302296370633E+00
 -0.328289693386993E+00
 -0.327442186475541E+00
 -0.326664145843044E+00
 -0.325904455757287E+00
 -0.325044408686138E+00
 -0.324131165284963E+00
 -0.323159327329780E+00
 -0.322231627956304E+00
 -0.321441277650797E+00
 -0.320676303032374E+00
 -0.319830365912447E+00
 -0.318972422901370E+00
 -0.318511357003057E+00
 -0.317200759288307E+00
 -0.316512903335591E+00
 -0.315598534985265E+00
 -0.314850185253649E+00
 -0.313999334338265E+00
 -0.313081879838768E+00
 -0.312293426025019E+00
 -0.311483462982490E+00
 -0.310657732061426E+00
 -0.309961604581791E+00
 -0.309073439493804E+00
 -0.308053104405478E+00
 -0.307339463726278E+00
 -0.306539970596158E+00
 -0.305630305331077E+00
 -0.305056251531854E+00
 -0.304306130611681E+00
 -0.303288021023487E+00
 -0.302443799731524E+00
 -0.301829370959152E+00
 -0.300897537977882E+00
 -0.300030880987396E+00
 -0.299372236371505E+00
 -0.298560876808507E+00
 -0.297813447014741E+00
 -0.296875871178038E+00
 -0.296390402096495E+00
 -0.295331232581014E+00
 -0.294618616924036E+00
 -0.293854883359067E+00
 -0.293110728517903E+00
 -0.292452673106225E+00
 -0.291590557557597E+00
 -0.290692644515772E+00
 -0.290038939979609E+00
 -0.289284462378038E+00
 -0.288325618180955E+00
 -0.287749468716839E+00
 -0.286862812986756E+00
 -0.286104283912520E+00
 -0.285337017840634E+00
 -0.284854329825825E+00
 -0.284040334675726E+00
 -0.283207525633626E+00
 -0.282743751981328E+00
 -0.281829477539572E+00
 -0.281203297672535E+00
 -0.280170024394505E+00
 -0.279407375084996E+00
 -0.279070046130485E+00
 -0.278038802716373E+00
 -0.277609228260263E+00
 -0.276871343702794E+00
 -0.276042606186970E+00
 -0.275185867837706E+00
 -0.274636586600633E+00
 -0.273877014899684E+00
 -0.273221833396654E+00
 -0.272408776888934E+00
 -0.271689684531870E+00
 -0.270977381562395E+00
 -0.270319528967791E+00
 -0.269699215457509E+00
 -0.268860725092320E+00
 -0.268345847437608E+00
 -0.267679767017248E+00
 -0.266900266219531E+00
 -0.266088600244593E+00
 -0.265165146322728E+00
 -0.264606677741065E+00
 -0.263902598617491E+00
 -0.263389456042258E+00
 -0.262691262265061E+00
 -0.261996731751670E+00
 -0.261459293769873E+00
 -0.260675845057408E+00
 -0.260277947194552E+00
 -0.259422458905254E+00
 -0.258578213218442E+00
 -0.258133908770516E+00
 -0.257453295598060E+00
 -0.256943897282383E+00
 -0.256140921104001E+00
 -0.255663881324083E+00
 -0.254567229847212E+00
 -0.254435412087371E+00
 -0.253711202752974E+00
 -0.252798263490356E+00
 -0.252295157633921E+00
 -0.251398292097658E+00
 -0.250853855005191E+00
 -0.249869731481228E+00
 -0.249623783239181E+00
 -0.249091579496739E+00
 -0.248225476777984E+00
 -0.247677971966580E+00
 -0.246926099587619E+00
 -0.246431781907302E+00
 -0.245760801639974E+00
 -0.245110966032357E+00
 -0.244434428114872E+00
 -0.243814691390773E+00
 -0.243038313244512E+00
 -0.242428484233735E+00
 -0.242097498916738E+00
 -0.241135193420717E+00
 -0.240722398008945E+00
 -0.240061159104522E+00
 -0.239544057500576E+00
 -0.238746127512910E+00
 -0.238267513506104E+00
 -0.237489042687597E+00
 -0.236823988020910E+00
 -0.236461933772598E+00
 -0.235714860783749E+00
 -0.235320918530890E+00
 -0.234590750521211E+00
 -0.234112378660935E+00
 -0.233610839523131E+00
 -0.232760144813088E+00
 -0.232171868395521E+00
 -0.231558330154925E+00
 -0.231296853921458E+00
 -0.230459897374218E+00
 -0.229942880185328E+00
 -0.229325349107504E+00
 -0.228832416406962E+00
 -0.228079398660558E+00
 -0.227506795222961E+00
 -0.227015967856693E+00
 -0.226414795018983E+00
 -0.225832180811426E+00
 -0.225270559636115E+00
 -0.224878821177552E+00
 -0.224066640091883E+00
 -0.223612043547845E+00
 -0.222988912445959E+00
 -0.222333834647070E+00
 -0.221781954058219E+00
 -0.221344803791534E+00
 -0.220736491139797E+00
 -0.220065618668054E+00
 -0.219484011588168E+00
 -0.219020845244581E+00
 -0.218617481719942E+00
 -0.217959084139908E+00
 -0.217306204232090E+00
 -0.217011302707506E+00
 -0.216378753271813E+00
 -0.216016998064481E+00
 -0.215217684965567E+00
 -0.214770045930973E+00
 -0.214029659476600E+00
 -0.213481681158509E+00
 -0.212921701176333E+00
 -0.212430887668074E+00
 -0.211937379307710E+00
 -0.211353245065423E+00
 -0.211015510737091E+00
 -0.210346505670123E+00
 -0.209824300609789E+00
 -0.209265085052759E+00
 -0.208645105000457E+00
 -0.208187137517391E+00
 -0.207238455718358E+00
 -0.207021437304989E+00
 -0.206463277797880E+00
 -0.205874261737072E+00
 -0.205507646278764E+00
 -0.204866042749877E+00
 -0.204482038571352E+00
 -0.203785306036017E+00
 -0.203361291167530E+00
 -0.202967002854346E+00
 -0.202367463636857E+00
 -0.201836786113841E+00
 -0.201519660062153E+00
 -0.200853198719397E+00
 -0.200175513267171E+00
 -0.199992669390348E+00
 -0.199323959975146E+00
 -0.198949156323584E+00
 -0.198340820234702E+00
 -0.197887286614700E+00
 -0.197381982870480E+00
 -0.196915885957897E+00
 -0.196338702901599E+00
 -0.195850448871029E+00
 -0.195345904019560E+00
 -0.194875330372426E+00
 -0.194487531816627E+00
 -0.194051151585834E+00
 -0.193545465209456E+00
 -0.192968795116231E+00
 -0.192494811774714E+00
 -0.192120671026015E+00
 -0.191584897556312E+00
 -0.191141978685821E+00
 -0.190352262607231E+00
 -0.189894472243922E+00
 -0.189540328535240E+00
 -0.189238348516074E+00
 -0.188689038154027E+00
 -0.188081998172431E+00
 -0.187727108636202E+00
 -0.187125849948546E+00
 -0.186892243236397E+00
 -0.186094185993034E+00
 -0.186061619239710E+00
 -0.185251450429700E+00
 -0.184813051883242E+00
 -0.184522322507825E+00
 -0.184135140012930E+00
 -0.183577682220549E+00
 -0.183265971684825E+00
 -0.182671914233201E+00
 -0.182115430378265E+00
 -0.181857920188914E+00
 -0.181161753995956E+00
 -0.180929507453130E+00
 -0.180407534992738E+00
 -0.179984277985516E+00
 -0.179560372377883E+00
 -0.179419785386603E+00
 -0.178790794041432E+00
 -0.178219007624341E+00
 -0.177799674968589E+00
 -0.177350904616505E+00
 -0.177192204874608E+00
 -0.176454215622356E+00
 -0.176098916660193E+00
 -0.175647021702706E+00
 -0.174900551018982E+00
 -0.174466882650313E+00
 -0.174304270065513E+00
 -0.173534599031561E+00
 -0.173586406475039E+00
 -0.172662761285492E+00
 -0.172498361530045E+00
 -0.171995192226518E+00
 -0.171635338086336E+00
 -0.171384893347978E+00
 -0.170746726300195E+00
 -0.170248256225428E+00
 -0.170071296083444E+00
 -0.169359961031549E+00
 -0.168917527189340E+00
 -0.168706786656748E+00
 -0.168135471301699E+00
 -0.167896985679096E+00
 -0.167526747607693E+00
 -0.166906564999949E+00
 -0.166623812692722E+00
 -0.165878967167313E+00
 -0.165921032080571E+00
 -0.165216341903273E+00
 -0.165012428015014E+00
 -0.164505821445547E+00
 -0.164366434546568E+00
 -0.163759850098311E+00
 -0.163306984084842E+00
 -0.162758123366658E+00
 -0.162462799159797E+00
 -0.162330779499695E+00
 -0.161872369848417E+00
 -0.161206305713684E+00
 -0.160777331248641E+00
 -0.160487950186252E+00
 -0.160163852255655E+00
 -0.159551711167866E+00
 -0.159665295008346E+00
 -0.158763583702287E+00
 -0.158611486436834E+00
 -0.158040249104971E+00
 -0.157664461384198E+00
 -0.157284009559879E+00
 -0.156891471997393E+00
 -0.156554533445494E+00
 -0.156279709732081E+00
 -0.155741937796295E+00
 -0.155399806737945E+00
 -0.154953685611758E+00
 -0.154758497975451E+00
 -0.154003651477008E+00
 -0.153681913174736E+00
 -0.153483284973046E+00
 -0.152996884875299E+00
 -0.152522615196953E+00
 -0.152172292462281E+00
 -0.151725778368902E+00
 -0.151659083774960E+00
 -0.150983831035613E+00
 -0.150891643153853E+00
 -0.150517525578257E+00
 -0.149790587502167E+00
 -0.149792267075995E+00
 -0.149441768391779E+00
 -0.148998999226089E+00
 -0.148584341603458E+00
 -0.148155659736690E+00
 -0.147865943175015E+00
 -0.147269669071316E+00
 -0.147170867337500E+00
 -0.146646781798932E+00
 -0.146158016968662E+00
 -0.145635793485475E+00
 -0.145603422351370E+00
 -0.145161766887286E+00
 -0.144962527893135E+00
 -0.144331798915776E+00
 -0.144301336106244E+00
 -0.143822763758192E+00
 -0.143525400374807E+00
 -0.143249117444015E+00
 -0.142840563394352E+00
 -0.142304332164962E+00
 -0.142202109708683E+00
 -0.141801515003420E+00
 -0.141233702936266E+00
 -0.140984603101607E+00
 -0.140548515061343E+00
 -0.140234991029230E+00
 -0.140036455522034E+00
 -0.139454096525892E+00
 -0.139155965016114E+00
 -0.139072640454785E+00
 -0.138470965365915E+00
 -0.138425736235916E+00
 -0.137860983875632E+00
 -0.137870527651501E+00
 -0.137191026906002E+00
 -0.137017470828769E+00
 -0.136539622131491E+00
 -0.136236722579558E+00
 -0.135818745687755E+00
 -0.135402693398429E+00
 -0.135260404963794E+00
 -0.135089849383715E+00
 -0.134537969252663E+00
 -0.134110274033246E+00
 -0.133958797326668E+00
 -0.133424452955877E+00
 -0.133213674699746E+00
 -0.132696622123587E+00
 -0.132542273943920E+00
 -0.132174808590076E+00
 -0.131848762800823E+00
 -0.131578985728466E+00
 -0.131601219350285E+00
 -0.131061053947964E+00
 -0.130592362129798E+00
 -0.130357025927381E+00
 -0.129993063123624E+00
 -0.129544636065675E+00
 -0.129336748978219E+00
 -0.129167136273941E+00
 -0.128530033477414E+00
 -0.128205089591847E+00
 -0.128128422877105E+00
 -0.127699126311989E+00
 -0.127521107991554E+00
 -0.127159172522041E+00
 -0.126788123505419E+00
 -0.126283599040411E+00
 -0.125835010780297E+00
 -0.125846851829446E+00
 -0.125523284673333E+00
 -0.125049681880882E+00
 -0.124904365318092E+00
 -0.124538454594210E+00
 -0.124256561974913E+00
 -0.123835153098534E+00
 -0.123796230461004E+00
 -0.123385525595571E+00
 -0.122875807938522E+00
 -0.122528717737889E+00
 -0.122338923612507E+00
 -0.122037989997736E+00
 -0.121819291923077E+00
 -0.121376242276406E+00
 -0.121361312106766E+00
 -0.120993769313664E+00
 -0.120464014862645E+00
 -0.120416289840993E+00
 -0.119966409090671E+00
 -0.119918475224996E+00
 -0.119375995367141E+00
 -0.119200319217502E+00
 -0.119109458944639E+00
 -0.118935070996161E+00
 -0.118205159607957E+00
 -0.118141583398933E+00
 -0.117394122130809E+00
 -0.117326030256584E+00
 -0.117095295519137E+00
 -0.116942247270639E+00
 -0.116539286008670E+00
 -0.116056116356210E+00
 -0.116012496426740E+00
 -0.115721971825597E+00
 -0.115457659638452E+00
 -0.115153723834835E+00
 -0.114759953085506E+00
 -0.114706957855171E+00
 -0.114431143060156E+00
 -0.114201317130310E+00
 -0.113863852319739E+00
 -0.113447372334221E+00
 -0.112977361776690E+00
 -0.112939832786372E+00
 -0.112648061910242E+00
 -0.112330596975714E+00
 -0.112182475045512E+00
 -0.112180475881043E+00
 -0.111676797961907E+00
 -0.111377928797930E+00
 -0.111344882023988E+00
 -0.110698195690721E+00
 -0.110673708759558E+00
 -0.110100409247937E+00
 -0.110201066158928E+00
 -0.109726920144450E+00
 -0.109527289317704E+00
 -0.109292659684697E+00
 -0.108892702363741E+00
 -0.108587013811615E+00
 -0.108399965931712E+00
 -0.108032584985435E+00
 -0.107886015441542E+00
 -0.107695836622895E+00
 -0.107287761780186E+00
 -0.107077272067470E+00
 -0.106982663798608E+00
 -0.106605788594882E+00
 -0.106403427847446E+00
 -0.106092061732444E+00
 -0.105909746050473E+00
 -0.105538823528918E+00
 -0.105429318877809E+00
 -0.105175024220323E+00
 -0.104601762948595E+00
 -0.104448887303219E+00
 -0.104243771883693E+00
 -0.104027176869611E+00
 -0.103600598229604E+00
 -0.103586219411053E+00
 -0.103346102062426E+00
 -0.103049121856890E+00
 -0.102817915713297E+00
 -0.102529397666148E+00
 -0.102284546988471E+00
 -0.102189272620628E+00
 -0.101670095067987E+00
 -0.101771975564963E+00
 -0.101415208129512E+00
 -0.101372566752470E+00
 -0.101094026551699E+00
 -0.100913340419901E+00
 -0.100418518191310E+00
 -0.100353114255581E+00
 -0.100044404945908E+00
 -0.997676991758030E-01
 -0.997623306405351E-01
 -0.990836765718258E-01
 -0.991039085230015E-01
 -0.988641454633303E-01
 -0.985092393473208E-01
 -0.983056165808557E-01
 -0.981958192696094E-01
 -0.978625686627563E-01
 -0.976384410356536E-01
 -0.974632771380987E-01
 -0.974924352505413E-01
 -0.969719235021081E-01
 -0.967099186844426E-01
 -0.965163940777123E-01
 -0.962980426358300E-01
 -0.959785924739833E-01
 -0.959148125782426E-01
 -0.957017095233937E-01
 -0.952620657277783E-01
 -0.950384313357886E-01
 -0.950631072148994E-01
 -0.946216448824700E-01
 -0.944074936424469E-01
 -0.944560901763928E-01
 -0.940385356766364E-01
 -0.936322430672157E-01
 -0.936620584677609E-01
 -0.934220293038043E-01
 -0.931329162070833E-01
 -0.928860298427219E-01
 -0.927217906107223E-01
 -0.925519800056893E-01
 -0.923619910715001E-01
 -0.921427643851387E-01
 -0.917430643305501E-01
 -0.916164501113997E-01
 -0.912697638050048E-01
 -0.912280024583915E-01
 -0.907492896988562E-01
 -0.908975734304549E-01
 -0.903334612504787E-01
 -0.903390409260520E-01
 -0.902066141437129E-01
 -0.901369717440531E-01
 -0.897901544596173E-01
 -0.895599168366488E-01
 -0.892796622678829E-01
 -0.889733784557656E-01
 -0.889084636893527E-01
 -0.886528551470349E-01
 -0.885051882396266E-01
 -0.882812373267525E-01
 -0.880247401752517E-01
 -0.881041815854733E-01
 -0.875423640105735E-01
 -0.873415220441268E-01
 -0.871772903909876E-01
 -0.869022879622255E-01
 -0.866943536501553E-01
 -0.867026854843719E-01
 -0.864499035993572E-01
 -0.861742766235991E-01
 -0.861540184118862E-01
 -0.858665337159965E-01
 -0.858105709796765E-01
 -0.853530504389561E-01
 -0.851183199535132E-01
 -0.848572638091658E-01
 -0.847427661919024E-01
 -0.844852625205929E-01
 -0.844005833356763E-01
 -0.840072699841139E-01
 -0.839027168447989E-01
 -0.837384730713644E-01
 -0.836568061571358E-01
 -0.834807281106343E-01
 -0.832305183598776E-01
 -0.826818786105317E-01
 -0.827772346832245E-01
 -0.823579744657604E-01
 -0.821942162649885E-01
 -0.820301393232205E-01
 -0.820725870568001E-01
 -0.817438702252118E-01
 -0.815624780246875E-01
 -0.813402169165471E-01
 -0.813612228578738E-01
 -0.808805260616612E-01
 -0.808697957935052E-01
 -0.806519411667511E-01
 -0.805175974567711E-01
 -0.802020053306248E-01
 -0.800799237994598E-01
 -0.798224230635822E-01
 -0.795365900660768E-01
 -0.793549487192452E-01
 -0.794736625405071E-01
 -0.790982178304710E-01
 -0.786906488304002E-01
 -0.786493968288819E-01
 -0.781214196147485E-01
 -0.782464691007815E-01
 -0.782873184804664E-01
 -0.778229836479015E-01
 -0.778288013882947E-01
 -0.773288568028015E-01
 -0.774698242107523E-01
 -0.770803006873504E-01
 -0.770465462579624E-01
 -0.766919783227894E-01
 -0.765976796668383E-01
 -0.764553273934990E-01
 -0.763258589567524E-01
 -0.759544104775951E-01
 -0.761518512954094E-01
 -0.758650826697843E-01
 -0.758281818059244E-01
 -0.756540127652033E-01
 -0.755358323605219E-01
 -0.751070162588303E-01
 -0.748650875729601E-01
 -0.746771701265649E-01
 -0.747159186884099E-01
 -0.744684930709895E-01
 -0.742454668792243E-01
 -0.743153016128639E-01
 -0.737750628598370E-01
 -0.736775887249183E-01
 -0.734901493968138E-01
 -0.734119666686621E-01
 -0.734411892949208E-01
 -0.731196702129402E-01
 -0.730730365605020E-01
 -0.727714338969718E-01
 -0.726170726294464E-01
 -0.724884918457905E-01
 -0.720890443966699E-01
 -0.723267207762633E-01
 -0.719319616430947E-01
 -0.718466008094212E-01
 -0.717800469474690E-01
 -0.717092739070183E-01
 -0.714116453253921E-01
 -0.712990109294633E-01
 -0.709091990788056E-01
 -0.709525859421566E-01
 -0.705249437397030E-01
 -0.703898248513380E-01
 -0.701672011667530E-01
 -0.699956908915483E-01
 -0.699403036006671E-01
 -0.698640084465231E-01
 -0.696389010899156E-01
 -0.694866314995760E-01
 -0.693001186249753E-01
 -0.693875537824764E-01
 -0.688151963795447E-01
 -0.689073701274155E-01
 -0.688238849882481E-01
 -0.685415227079226E-01
 -0.682579836398132E-01
 -0.680971017631843E-01
 -0.681189624668176E-01
 -0.679765422616461E-01
 -0.676529510579262E-01
 -0.676789242274753E-01
 -0.674137718528696E-01
 -0.672890887095863E-01
 -0.668756319624066E-01
 -0.668437619969957E-01
 -0.664390980390850E-01
 -0.664777616006409E-01
 -0.663930271242041E-01
 -0.662280572600458E-01
 -0.661816423867623E-01
 -0.658397990197606E-01
 -0.657745774099614E-01
 -0.657746998668702E-01
 -0.656634063227213E-01
 -0.652624460901361E-01
 -0.651938674323937E-01
 -0.651707705467348E-01
 -0.650324327828680E-01
 -0.649189934480217E-01
 -0.646902100639499E-01
 -0.645904285378749E-01
 -0.642901766343895E-01
 -0.642535676635698E-01
 -0.640207394498620E-01
 -0.639835734086986E-01
 -0.638613051655863E-01
 -0.634572657036347E-01
 -0.637304487629065E-01
 -0.631136935489582E-01
 -0.632167926863119E-01
 -0.631351173081631E-01
 -0.629504917481256E-01
 -0.627286260014106E-01
 -0.626113740901157E-01
 -0.627411425082034E-01
 -0.622980786853899E-01
 -0.625261705657039E-01
 -0.621206213313830E-01
 -0.620560155539081E-01
 -0.618562484553502E-01
 -0.618468724217660E-01
 -0.618544343259559E-01
 -0.616382862108118E-01
 -0.614137681680034E-01
 -0.611376687081790E-01
 -0.612015888024127E-01
 -0.608513411010652E-01
 -0.608233513484535E-01
 -0.603407892200796E-01
 -0.605756655339338E-01
 -0.604980182411463E-01
 -0.601809032150342E-01
 -0.600999594745373E-01
 -0.600644316633456E-01
 -0.598606852808494E-01
 -0.597560046130381E-01
 -0.597244521059270E-01
 -0.596203714912109E-01
 -0.593312367328516E-01
 -0.591955906723380E-01
 -0.591080574654648E-01
 -0.590237697885414E-01
 -0.588186304380982E-01
 -0.589366154351403E-01
 -0.587133373985771E-01
 -0.584833902011015E-01
 -0.583513939410352E-01
 -0.583442559592584E-01
 -0.582162189471858E-01
 -0.580289758130939E-01
 -0.582630762424579E-01
 -0.578946402225597E-01
 -0.575698504816173E-01
 -0.576054405584934E-01
 -0.574654062313567E-01
 -0.576079436912558E-01
 -0.570314975591035E-01
 -0.572348199849748E-01
 -0.571270218210671E-01
 -0.567925852470026E-01
 -0.568359678983805E-01
 -0.563884271081410E-01
 -0.566575660155983E-01
 -0.561999330109160E-01
 -0.563079538740778E-01
 -0.562565831149247E-01
 -0.560498135473857E-01
 -0.560257134622226E-01
 -0.557037361148556E-01
 -0.558154761726719E-01
 -0.556808507041922E-01
 -0.556710550852095E-01
 -0.554590208246299E-01
 -0.552086509015979E-01
 -0.551750507584856E-01
 -0.551322084120507E-01
 -0.550550517187443E-01
 -0.548749957952239E-01
 -0.549267851051347E-01
 -0.545084236256201E-01
 -0.548106974185956E-01
 -0.543496865453434E-01
 -0.542753238964551E-01
 -0.542113088465861E-01
 -0.540503853096332E-01
 -0.536553985498855E-01
 -0.538792004013366E-01
 -0.535929736855643E-01
 -0.535440822879139E-01
 -0.535455258814679E-01
 -0.534847400371277E-01
 -0.534301456935395E-01
 -0.530994019051931E-01
 -0.532354340408077E-01
 -0.531926035297445E-01
 -0.529092104847138E-01
 -0.527984910809778E-01
 -0.526887026467335E-01
 -0.526235831599173E-01
 -0.524054472866560E-01
 -0.524307963000723E-01
 -0.523729771524586E-01
 -0.523861113374835E-01
 -0.523579711147448E-01
 -0.520417739563044E-01
 -0.519593859013909E-01
 -0.516932309849949E-01
 -0.514249243809388E-01
 -0.514602703547808E-01
 -0.516149860602368E-01
 -0.512725388083126E-01
 -0.512699861277994E-01
 -0.510358298328626E-01
 -0.509207749787493E-01
 -0.509986351264686E-01
 -0.506994565690775E-01
 -0.506621229886726E-01
 -0.503618396906091E-01
 -0.503548155820397E-01
 -0.503937941945765E-01
 -0.501971876374157E-01
 -0.503937503725354E-01
 -0.503625523109861E-01
 -0.500957471946037E-01
 -0.499818343471219E-01
 -0.499009867813669E-01
 -0.497890608967104E-01
 -0.495532008792523E-01
 -0.494845663935166E-01
 -0.494507513402134E-01
 -0.495013926879508E-01
 -0.493289462630244E-01
 -0.491893733240403E-01
 -0.491329217236895E-01
 -0.489574925097926E-01
 -0.488646387664886E-01
 -0.487839457119126E-01
 -0.487243224264873E-01
 -0.486062100547411E-01
 -0.486637525400191E-01
 -0.482478226803238E-01
 -0.485325009095412E-01
 -0.483627464300298E-01
 -0.480434530737632E-01
 -0.483846102515813E-01
 -0.480738802746199E-01
 -0.479444286052484E-01
 -0.480647677368804E-01
 -0.477800338694916E-01
 -0.474668054734746E-01
 -0.474460014014060E-01
 -0.473037153397495E-01
 -0.475504793964845E-01
 -0.473970036482108E-01
 -0.471681671682891E-01
 -0.471565598150399E-01
 -0.472809848850311E-01
 -0.471747109109870E-01
 -0.468352036766113E-01
 -0.467511859954755E-01
 -0.467690008996264E-01
 -0.467383554046368E-01
 -0.466627624854912E-01
 -0.464955611682338E-01
 -0.464682554256495E-01
 -0.463627700955769E-01
 -0.464970033261860E-01
 -0.461844760441341E-01
 -0.459710082861999E-01
 -0.459887996344044E-01
 -0.461717052436192E-01
 -0.458574578515325E-01
 -0.457175327297534E-01
 -0.455934656453767E-01
 -0.456987033018876E-01
 -0.453880975557084E-01
 -0.452990451865709E-01
 -0.452957527757967E-01
 -0.451547702818260E-01
 -0.449950705303017E-01
 -0.453385014427639E-01
 -0.451032674308856E-01
 -0.450395559302876E-01
 -0.450474484196874E-01
 -0.448617887364975E-01
 -0.448087444035679E-01
 -0.447922621754770E-01
 -0.445369362084449E-01
 -0.446665876691732E-01
 -0.446064540892976E-01
 -0.443573437275049E-01
 -0.441806311502546E-01
 -0.442806479639017E-01
 -0.437433333888748E-01
 -0.440968325161535E-01
 -0.439029799857451E-01
 -0.438525175697606E-01
 -0.437158818723162E-01
 -0.437633773695438E-01
 -0.437364271202370E-01
 -0.435694171111436E-01
 -0.434223619312846E-01
 -0.434703288296419E-01
 -0.435572406802720E-01
 -0.431199783758700E-01
 -0.434621452637884E-01
 -0.431875992723434E-01
 -0.431228835354602E-01
 -0.433362553479384E-01
 -0.430460765511498E-01
 -0.432398004452210E-01
 -0.427806741958108E-01
 -0.430441953179326E-01
 -0.429463165276331E-01
 -0.426371848455034E-01
 -0.426032727850725E-01
 -0.424419234583837E-01
 -0.423864646626697E-01
 -0.423361045790500E-01
 -0.421802934834687E-01
 -0.423002099645515E-01
 -0.420853800340524E-01
 -0.421799899154820E-01
 -0.421788329741304E-01
 -0.420744076117217E-01
 -0.419695334532548E-01
 -0.419928244745051E-01
 -0.418575089915976E-01
 -0.416626352344167E-01
 -0.416389182792329E-01
 -0.416843056599987E-01
 -0.414947888365873E-01
 -0.414661272816943E-01
 -0.414982552518381E-01
 -0.413570766099269E-01
 -0.413438093640366E-01
 -0.412901123291078E-01
 -0.409205570614688E-01
 -0.410965895272568E-01
 -0.409950636833969E-01
 -0.409296666756518E-01
 -0.410925690676436E-01
 -0.408174296335346E-01
 -0.411707584749479E-01
 -0.409621532843119E-01
 -0.409762772323745E-01
 -0.409718855667052E-01
 -0.406947360307015E-01
 -0.407244691568565E-01
 -0.407662892924350E-01
 -0.407016107578215E-01
 -0.404627078345356E-01
 -0.404114377522262E-01
 -0.403056559146080E-01
 -0.403312487535743E-01
 -0.403442557675078E-01
 -0.402735081034109E-01
 -0.401094011809846E-01
 -0.400163921906369E-01
 -0.399244349265473E-01
 -0.399357563663045E-01
 -0.398978932192620E-01
 -0.397395254167634E-01
 -0.399258413646066E-01
 -0.397100877055152E-01
 -0.397814458710002E-01
 -0.396312342292049E-01
 -0.397535681249792E-01
 -0.395710423872515E-01
 -0.396520609090771E-01
 -0.394396414127414E-01
 -0.395330797332178E-01
 -0.394088179366179E-01
 -0.392454876359807E-01
 -0.396063739513863E-01
 -0.394001845700132E-01
 -0.393825860356856E-01
 -0.390941160500233E-01
 -0.392989168109921E-01
 -0.391948016681454E-01
 -0.392595838905834E-01
 -0.391127141601828E-01
 -0.390824003462171E-01
 -0.391795382513465E-01
 -0.390468673946032E-01
 -0.391041322216097E-01
 -0.388733660657579E-01
 -0.389945692965341E-01
 -0.388461093266415E-01
 -0.389384032583564E-01
 -0.386971846269262E-01
 -0.386845720425129E-01
 -0.387920118738805E-01
 -0.386834307107620E-01
 -0.386161166142358E-01
 -0.384499469986963E-01
 -0.386044289487586E-01
 -0.385209342693145E-01
 -0.383439139285997E-01
 -0.384389280713719E-01
 -0.383213517408478E-01
 -0.384158418492717E-01
 -0.384017693844498E-01
 -0.383569768050478E-01
 -0.384861226523725E-01
 -0.382185234183083E-01
 -0.381892045976997E-01
 -0.381601993263558E-01
 -0.378170099042450E-01
 -0.379349791954553E-01
 -0.380216421788901E-01
 -0.378136512524918E-01
 -0.379518133914587E-01
 -0.376259234601406E-01
 -0.377533957360896E-01
 -0.376357715791045E-01
 -0.377871554540548E-01
 -0.376513200737634E-01
 -0.377786301854854E-01
 -0.376297306925011E-01
 -0.375538958092037E-01
 -0.377495123642220E-01
 -0.376004433793611E-01
 -0.375730430608883E-01
 -0.375618889809104E-01
 -0.375052807359779E-01
 -0.374178320451861E-01
 -0.373609713132694E-01
 -0.373835407733338E-01
 -0.373768115210211E-01
 -0.374412891989451E-01
 -0.370269567115855E-01
 -0.374535080107066E-01
 -0.371077333723200E-01
 -0.371608604708449E-01
 -0.371987609713855E-01
 -0.371966795473888E-01
 -0.372390264080700E-01
 -0.368966763596958E-01
 -0.369175104603237E-01
 -0.370414789173843E-01
 -0.366621346952094E-01
 -0.367819954737705E-01
 -0.370548548580985E-01
 -0.369418940811528E-01
 -0.371026938971895E-01
 -0.370293845704914E-01
 -0.367003405433053E-01
 -0.366352493036395E-01
 -0.369128719536960E-01
 -0.367086602799844E-01
 -0.368324904346693E-01
 -0.366085639745108E-01
 -0.368471582086940E-01
 -0.368918683614226E-01
 -0.364223058069300E-01
 -0.368598116215253E-01
 -0.363770026654251E-01
 -0.367297427931845E-01
 -0.366190324125739E-01
 -0.364677443533878E-01
 -0.365266089444418E-01
 -0.367175678746747E-01
 -0.364156857636715E-01
 -0.364498888205702E-01
 -0.366136649149951E-01
 -0.365424590481069E-01
 -0.367284942450681E-01
 -0.364523631577498E-01
 -0.362678194494777E-01
 -0.362542513774855E-01
 -0.363707442089378E-01
 -0.364493588297137E-01
 -0.361715112588854E-01
 -0.362888192679236E-01
 -0.358579746322079E-01
 -0.363977912825817E-01
 -0.363272806116015E-01
 -0.363164983991453E-01
 -0.363471425376929E-01
 -0.360078976730733E-01
 -0.361087242338556E-01
 -0.360635555193767E-01
 -0.359669987637119E-01
 -0.362062292315102E-01
 -0.360158348831590E-01
 -0.362147793457268E-01
 -0.360992113192253E-01
 -0.358301930851042E-01
 -0.359574031692489E-01
 -0.358596593072775E-01
 -0.358472725392858E-01
 -0.360392945065087E-01
 -0.358255963389240E-01
 -0.360440234031216E-01
 -0.361094709409997E-01
 -0.362020332974566E-01
 -0.357211800728408E-01
 -0.362013348838559E-01
 -0.361336290768293E-01
 -0.358639911569867E-01
 -0.358853741688847E-01
 -0.358269209442597E-01
 -0.359269780656177E-01
 -0.358172851527456E-01
 -0.358892479318911E-01
 -0.359111765013154E-01
 -0.358362773321801E-01
 -0.357130835863586E-01
 -0.358726130673972E-01
 -0.357705761664988E-01
 -0.357780812720989E-01
 -0.360020612969265E-01
 -0.356865799384423E-01
 -0.358532276343340E-01
 -0.360039521377189E-01
 -0.358715762532711E-01
 -0.359821351893856E-01
 -0.359361223637507E-01
 -0.359633026333199E-01
 -0.360445447420261E-01
 -0.356218623122686E-01
 -0.360164588251450E-01
 -0.360851425417081E-01
 -0.360557169395292E-01
 -0.358620715348934E-01
 -0.358532966214398E-01
 -0.358207157128163E-01
 -0.360383480313544E-01
 -0.358372412258632E-01
 -0.358075231995372E-01
 -0.356827557036468E-01
 -0.358075232228430E-01
 -0.358372412529775E-01
 -0.360383480552855E-01
 -0.358207157361790E-01
 -0.358532966457688E-01
 -0.358620715574602E-01
 -0.360557169620961E-01
 -0.360851425634223E-01
 -0.360164588469729E-01
 -0.356218623344944E-01
 -0.360445447634561E-01
 -0.359633026540678E-01
 -0.359361223852375E-01
 -0.359821352095651E-01
 -0.358715762739621E-01
 -0.360039521573867E-01
 -0.358532276537744E-01
 -0.356865799598722E-01
 -0.360020613164806E-01
 -0.357780812934720E-01
 -0.357705761877583E-01
 -0.358726130873492E-01
 -0.357130836061970E-01
 -0.358362773501995E-01
 -0.359111765196758E-01
 -0.358892479492283E-01
 -0.358172851703671E-01
 -0.359269780832392E-01
 -0.358269209599769E-01
 -0.358853741850567E-01
 -0.358639911721355E-01
 -0.361336290926602E-01
 -0.362013349006247E-01
 -0.357211800876200E-01
 -0.362020333129749E-01
 -0.361094709554095E-01
 -0.360440234161103E-01
 -0.358255963533054E-01
 -0.360392945194121E-01
 -0.358472725532408E-01
 -0.358596593205220E-01
 -0.359574031816408E-01
 -0.358301930982634E-01
 -0.360992113322141E-01
 -0.362147793568113E-01
 -0.360158348946413E-01
 -0.362062292419694E-01
 -0.359669987744837E-01
 -0.360635555299780E-01
 -0.361087242438600E-01
 -0.360078976833336E-01
 -0.363471425476689E-01
 -0.363164984084676E-01
 -0.363272806203270E-01
 -0.363977912916482E-01
 -0.358579746400665E-01
 -0.362888192757396E-01
 -0.361715112666445E-01
 -0.364493588366770E-01
 -0.363707442155317E-01
 -0.362542513841788E-01
 -0.362678194566399E-01
 -0.364523631638605E-01
 -0.367284942521167E-01
 -0.365424590534076E-01
 -0.366136649221289E-01
 -0.364498888262261E-01
 -0.364156857685458E-01
 -0.367175678791796E-01
 -0.365266089491456E-01
 -0.364677443580774E-01
 -0.366190324168372E-01
 -0.367297427984852E-01
 -0.363770026686652E-01
 -0.368598116256749E-01
 -0.364223058106461E-01
 -0.368918683646768E-01
 -0.368471582112662E-01
 -0.366085639772535E-01
 -0.368324904367938E-01
 -0.367086602820024E-01
 -0.369128719555931E-01
 -0.366352493051387E-01
 -0.367003405454653E-01
 -0.370293845722713E-01
 -0.371026938980137E-01
 -0.369418940835047E-01
 -0.370548548586704E-01
 -0.367819954746089E-01
 -0.366621346953302E-01
 -0.370414789178923E-01
 -0.369175104595172E-01
 -0.368966763590315E-01
 -0.372390264066418E-01
 -0.371966795459500E-01
 -0.371987609691331E-01
 -0.371608604690472E-01
 -0.371077333703305E-01
 -0.374535080083760E-01
 -0.370269567091057E-01
 -0.374412891964226E-01
 -0.373768115186621E-01
 -0.373835407704917E-01
 -0.373609713103278E-01
 -0.374178320427276E-01
 -0.375052807329155E-01
 -0.375618889777982E-01
 -0.375730430576056E-01
 -0.376004433764336E-01
 -0.377495123607687E-01
 -0.375538958054520E-01
 -0.376297306885220E-01
 -0.377786301808385E-01
 -0.376513200692159E-01
 -0.377871554494078E-01
 -0.376357715740312E-01
 -0.377533957308458E-01
 -0.376259234546978E-01
 -0.379518133863854E-01
 -0.378136512465943E-01
 -0.380216421731916E-01
 -0.379349791896288E-01
 -0.378170098983475E-01
 -0.381601993199041E-01
 -0.381892045917596E-01
 -0.382185234115582E-01
 -0.384861226459634E-01
 -0.383569767979139E-01
 -0.384017693774013E-01
 -0.384158418418252E-01
 -0.383213517331740E-01
 -0.384389280639823E-01
 -0.383439139202721E-01
 -0.385209342616122E-01
 -0.386044289401752E-01
 -0.384499469906814E-01
 -0.386161166060219E-01
 -0.386834307022355E-01
 -0.387920118658087E-01
 -0.386845720337590E-01
 -0.386971846184565E-01
 -0.389384032492330E-01
 -0.388461093177170E-01
 -0.389945692873255E-01
 -0.388733660564924E-01
 -0.391041322118042E-01
 -0.390468673848829E-01
 -0.391795382416831E-01
 -0.390824003360990E-01
 -0.391127141496952E-01
 -0.392595838802947E-01
 -0.391948016572599E-01
 -0.392989168009592E-01
 -0.390941160392515E-01
 -0.393825860251127E-01
 -0.394001845592129E-01
 -0.396063739410693E-01
 -0.392454876254362E-01
 -0.394088179263008E-01
 -0.395330797229008E-01
 -0.394396414021685E-01
 -0.396520608983906E-01
 -0.395710423765934E-01
 -0.397535681149463E-01
 -0.396312342188310E-01
 -0.397814458601715E-01
 -0.397100876948002E-01
 -0.399258413536359E-01
 -0.397395254063895E-01
 -0.398978932083480E-01
 -0.399357563559590E-01
 -0.399244349161449E-01
 -0.400163921804051E-01
 -0.401094011708949E-01
 -0.402735080933496E-01
 -0.403442557577876E-01
 -0.403312487441099E-01
 -0.403056559051436E-01
 -0.404114377429323E-01
 -0.404627078246733E-01
 -0.407016107481297E-01
 -0.407662892829990E-01
 -0.407244691470794E-01
 -0.406947360212939E-01
 -0.409718855571839E-01
 -0.409762772229953E-01
 -0.409621532754443E-01
 -0.411707584665351E-01
 -0.408174296256334E-01
 -0.410925690591455E-01
 -0.409296666673526E-01
 -0.409950636757515E-01
 -0.410965895194977E-01
 -0.409205570535391E-01
 -0.412901123207519E-01
 -0.413438093562206E-01
 -0.413570766021110E-01
 -0.414982552441074E-01
 -0.414661272739067E-01
 -0.414947888284871E-01
 -0.416843056525522E-01
 -0.416389182717580E-01
 -0.416626352266292E-01
 -0.418575089847053E-01
 -0.419928244670018E-01
 -0.419695334462347E-01
 -0.420744076050852E-01
 -0.421788329676360E-01
 -0.421799899097266E-01
 -0.420853800284533E-01
 -0.423002099584977E-01
 -0.421802934782249E-01
 -0.423361045737209E-01
 -0.423864646577954E-01
 -0.424419234534525E-01
 -0.426032727804539E-01
 -0.426371848392222E-01
 -0.429463165221051E-01
 -0.430441953120777E-01
 -0.427806741910217E-01
 -0.432398004400483E-01
 -0.430460765464460E-01
 -0.433362553431920E-01
 -0.431228835307138E-01
 -0.431875992684922E-01
 -0.434621452593547E-01
 -0.431199783717062E-01
 -0.435572406768756E-01
 -0.434703288259044E-01
 -0.434223619279734E-01
 -0.435694171076122E-01
 -0.437364271166274E-01
 -0.437633773659769E-01
 -0.437158818699999E-01
 -0.438525175665916E-01
 -0.439029799828816E-01
 -0.440968325130626E-01
 -0.437433333853150E-01
 -0.442806479604343E-01
 -0.441806311467801E-01
 -0.443573437245064E-01
 -0.446064540862849E-01
 -0.446665876671872E-01
 -0.445369362058585E-01
 -0.447922621739885E-01
 -0.448087444008252E-01
 -0.448617887343090E-01
 -0.450474484181882E-01
 -0.450395559279286E-01
 -0.451032674291341E-01
 -0.453385014411438E-01
 -0.449950705283975E-01
 -0.451547702801669E-01
 -0.452957527744395E-01
 -0.452990451858719E-01
 -0.453880975552678E-01
 -0.456987033013121E-01
 -0.455934656452328E-01
 -0.457175327285810E-01
 -0.458574578507651E-01
 -0.461717052433173E-01
 -0.459887996339212E-01
 -0.459710082872782E-01
 -0.461844760441821E-01
 -0.464970033262269E-01
 -0.463627700963372E-01
 -0.464682554256832E-01
 -0.464955611694151E-01
 -0.466627624854663E-01
 -0.467383554050258E-01
 -0.467690008996620E-01
 -0.467511859959640E-01
 -0.468352036771655E-01
 -0.471747109118645E-01
 -0.472809848851838E-01
 -0.471565598164574E-01
 -0.471681671689215E-01
 -0.473970036495679E-01
 -0.475504793968735E-01
 -0.473037153400497E-01
 -0.474460014017897E-01
 -0.474668054736043E-01
 -0.477800338704029E-01
 -0.480647677371380E-01
 -0.479444286056285E-01
 -0.480738802756910E-01
 -0.483846102528425E-01
 -0.480434530748308E-01
 -0.483627464313479E-01
 -0.485325009096016E-01
 -0.482478226821499E-01
 -0.486637525409339E-01
 -0.486062100556257E-01
 -0.487243224286189E-01
 -0.487839457127741E-01
 -0.488646387699418E-01
 -0.489574925115086E-01
 -0.491329217255867E-01
 -0.491893733260582E-01
 -0.493289462650779E-01
 -0.495013926906935E-01
 -0.494507513417339E-01
 -0.494845663957761E-01
 -0.495532008804886E-01
 -0.497890608982274E-01
 -0.499009867833564E-01
 -0.499818343491683E-01
 -0.500957471958188E-01
 -0.503625523133451E-01
 -0.503937503742300E-01
 -0.501971876390286E-01
 -0.503937941964736E-01
 -0.503548155836064E-01
 -0.503618396929113E-01
 -0.506621229903743E-01
 -0.506994565714933E-01
 -0.509986351285292E-01
 -0.509207749815204E-01
 -0.510358298347597E-01
 -0.512699861301229E-01
 -0.512725388110056E-01
 -0.516149860625106E-01
 -0.514602703566567E-01
 -0.514249243831983E-01
 -0.516932309865297E-01
 -0.519593859030003E-01
 -0.520417739584715E-01
 -0.523579711165638E-01
 -0.523861113395725E-01
 -0.523729771542776E-01
 -0.524307963016781E-01
 -0.524054472881694E-01
 -0.526235831612176E-01
 -0.526887026486733E-01
 -0.527984910826760E-01
 -0.529092104867601E-01
 -0.531926035315209E-01
 -0.532354340426693E-01
 -0.530994019067066E-01
 -0.534301456952875E-01
 -0.534847400386802E-01
 -0.535455258826580E-01
 -0.535440822895374E-01
 -0.535929736868823E-01
 -0.538792004026689E-01
 -0.536553985513812E-01
 -0.540503853109442E-01
 -0.542113088476270E-01
 -0.542753238979543E-01
 -0.543496865463808E-01
 -0.548106974198355E-01
 -0.545084236269346E-01
 -0.549267851065878E-01
 -0.548749957963288E-01
 -0.550550517197763E-01
 -0.551322084133474E-01
 -0.551750507595017E-01
 -0.552086509026175E-01
 -0.554590208254879E-01
 -0.556710550861848E-01
 -0.556808507050626E-01
 -0.558154761737306E-01
 -0.557037361157757E-01
 -0.560257134632707E-01
 -0.560498135481184E-01
 -0.562565831157453E-01
 -0.563079538747404E-01
 -0.561999330117011E-01
 -0.566575660166642E-01
 -0.563884271090327E-01
 -0.568359678990573E-01
 -0.567925852478801E-01
 -0.571270218224207E-01
 -0.572348199855695E-01
 -0.570314975598869E-01
 -0.576079436917789E-01
 -0.574654062316453E-01
 -0.576054405589901E-01
 -0.575698504821350E-01
 -0.578946402230338E-01
 -0.582630762427825E-01
 -0.580289758136561E-01
 -0.582162189475874E-01
 -0.583442559596516E-01
 -0.583513939413716E-01
 -0.584833902015824E-01
 -0.587133373987809E-01
 -0.589366154355193E-01
 -0.588186304384091E-01
 -0.590237697889002E-01
 -0.591080574657590E-01
 -0.591955906727473E-01
 -0.593312367331504E-01
 -0.596203714915460E-01
 -0.597244521061233E-01
 -0.597560046131793E-01
 -0.598606852810581E-01
 -0.600644316635064E-01
 -0.600999594746972E-01
 -0.601809032151248E-01
 -0.604980182412591E-01
 -0.605756655340688E-01
 -0.603407892201542E-01
 -0.608233513486001E-01
 -0.608513411011575E-01
 -0.612015888025947E-01
 -0.611376687082963E-01
 -0.614137681682450E-01
 -0.616382862108988E-01
 -0.618544343261931E-01
 -0.618468724219561E-01
 -0.618562484555891E-01
 -0.620560155541403E-01
 -0.621206213315872E-01
 -0.625261705657714E-01
 -0.622980786854548E-01
 -0.627411425082549E-01
 -0.626113740902010E-01
 -0.627286260015110E-01
 -0.629504917482615E-01
 -0.631351173082617E-01
 -0.632167926864557E-01
 -0.631136935490701E-01
 -0.637304487631027E-01
 -0.634572657036836E-01
 -0.638613051657586E-01
 -0.639835734088865E-01
 -0.640207394500010E-01
 -0.642535676637519E-01
 -0.642901766345347E-01
 -0.645904285380632E-01
 -0.646902100641977E-01
 -0.649189934482086E-01
 -0.650324327831000E-01
 -0.651707705469247E-01
 -0.651938674325458E-01
 -0.652624460903162E-01
 -0.656634063228667E-01
 -0.657746998669504E-01
 -0.657745774101071E-01
 -0.658397990199087E-01
 -0.661816423868684E-01
 -0.662280572602443E-01
 -0.663930271243447E-01
 -0.664777616007570E-01
 -0.664390980391170E-01
 -0.668437619970541E-01
 -0.668756319624009E-01
 -0.672890887096580E-01
 -0.674137718528807E-01
 -0.676789242274779E-01
 -0.676529510579130E-01
 -0.679765422616787E-01
 -0.681189624667684E-01
 -0.680971017632016E-01
 -0.682579836397973E-01
 -0.685415227078251E-01
 -0.688238849881241E-01
 -0.689073701273232E-01
 -0.688151963793867E-01
 -0.693875537823069E-01
 -0.693001186247648E-01
 -0.694866314994097E-01
 -0.696389010896977E-01
 -0.698640084463071E-01
 -0.699403036004205E-01
 -0.699956908912589E-01
 -0.701672011663453E-01
 -0.703898248509278E-01
 -0.705249437393051E-01
 -0.709525859417167E-01
 -0.709091990782776E-01
 -0.712990109290670E-01
 -0.714116453248466E-01
 -0.717092739065827E-01
 -0.717800469469326E-01
 -0.718466008088154E-01
 -0.719319616425310E-01
 -0.723267207755146E-01
 -0.720890443959817E-01
 -0.724884918451468E-01
 -0.726170726287267E-01
 -0.727714338963211E-01
 -0.730730365597292E-01
 -0.731196702121227E-01
 -0.734411892941180E-01
 -0.734119666677999E-01
 -0.734901493959064E-01
 -0.736775887239786E-01
 -0.737750628587660E-01
 -0.743153016117089E-01
 -0.742454668779975E-01
 -0.744684930698858E-01
 -0.747159186871916E-01
 -0.746771701254140E-01
 -0.748650875718305E-01
 -0.751070162576390E-01
 -0.755358323593079E-01
 -0.756540127638935E-01
 -0.758281818046083E-01
 -0.758650826685277E-01
 -0.761518512939913E-01
 -0.759544104761989E-01
 -0.763258589553737E-01
 -0.764553273920088E-01
 -0.765976796654261E-01
 -0.766919783211766E-01
 -0.770465462564440E-01
 -0.770803006857600E-01
 -0.774698242089251E-01
 -0.773288568012083E-01
 -0.778288013882773E-01
 -0.778229836496769E-01
 -0.782873184824672E-01
 -0.782464691025421E-01
 -0.781214196164630E-01
 -0.786493968306641E-01
 -0.786906488321425E-01
 -0.790982178320907E-01
 -0.794736625422036E-01
 -0.793549487209442E-01
 -0.795365900677301E-01
 -0.798224230653009E-01
 -0.800799238010426E-01
 -0.802020053323080E-01
 -0.805175974583333E-01
 -0.806519411683163E-01
 -0.808697957949800E-01
 -0.808805260631374E-01
 -0.813612228594891E-01
 -0.813402169180640E-01
 -0.815624780263930E-01
 -0.817438702268298E-01
 -0.820725870584184E-01
 -0.820301393247845E-01
 -0.821942162664970E-01
 -0.823579744672913E-01
 -0.827772346846812E-01
 -0.826818786119667E-01
 -0.832305183613824E-01
 -0.834807281119672E-01
 -0.836568061584337E-01
 -0.837384730727192E-01
 -0.839027168461051E-01
 -0.840072699855196E-01
 -0.844005833369127E-01
 -0.844852625218545E-01
 -0.847427661931366E-01
 -0.848572638102788E-01
 -0.851183199547138E-01
 -0.853530504399958E-01
 -0.858105709808122E-01
 -0.858665337171480E-01
 -0.861540184129664E-01
 -0.861742766247148E-01
 -0.864499036004833E-01
 -0.867026854853409E-01
 -0.866943536511648E-01
 -0.869022879631476E-01
 -0.871772903918976E-01
 -0.873415220450766E-01
 -0.875423640114271E-01
 -0.881041815863449E-01
 -0.880247401761010E-01
 -0.882812373275441E-01
 -0.885051882403541E-01
 -0.886528551478064E-01
 -0.889084636900404E-01
 -0.889733784564775E-01
 -0.892796622685695E-01
 -0.895599168373324E-01
 -0.897901544602007E-01
 -0.901369717446329E-01
 -0.902066141443827E-01
 -0.903390409266291E-01
 -0.903334612511283E-01
 -0.908975734309611E-01
 -0.907492896995098E-01
 -0.912280024589652E-01
 -0.912697638055336E-01
 -0.916164501118560E-01
 -0.917430643310080E-01
 -0.921427643856235E-01
 -0.923619910719410E-01
 -0.925519800061720E-01
 -0.927217906110678E-01
 -0.928860298431897E-01
 -0.931329162074532E-01
 -0.934220293041678E-01
 -0.936620584681112E-01
 -0.936322430675770E-01
 -0.940385356770020E-01
 -0.944560901766849E-01
 -0.944074936427125E-01
 -0.946216448827666E-01
 -0.950631072152082E-01
 -0.950384313361272E-01
 -0.952620657280155E-01
 -0.957017095237377E-01
 -0.959148125784515E-01
 -0.959785924742651E-01
 -0.962980426360789E-01
 -0.965163940779653E-01
 -0.967099186846216E-01
 -0.969719235022708E-01
 -0.974924352506304E-01
 -0.974632771382113E-01
 -0.976384410357007E-01
 -0.978625686628478E-01
 -0.981958192696767E-01
 -0.983056165809112E-01
 -0.985092393473436E-01
 -0.988641454633779E-01
 -0.991039085230493E-01
 -0.990836765718445E-01
 -0.997623306405498E-01
 -0.997676991758557E-01
 -0.100044404945932E+00
 -0.100353114255610E+00
 -0.100418518191346E+00
 -0.100913340419929E+00
 -0.101094026551719E+00
 -0.101372566752484E+00
 -0.101415208129512E+00
 -0.101771975564916E+00
 -0.101670095067936E+00
 -0.102189272620634E+00
 -0.102284546988442E+00
 -0.102529397666083E+00
 -0.102817915713256E+00
 -0.103049121856846E+00
 -0.103346102062353E+00
 -0.103586219410997E+00
 -0.103600598229528E+00
 -0.104027176869567E+00
 -0.104243771883595E+00
 -0.104448887303154E+00
 -0.104601762948508E+00
 -0.105175024220242E+00
 -0.105429318877631E+00
 -0.105538823528678E+00
 -0.105909746050222E+00
 -0.106092061732150E+00
 -0.106403427847208E+00
 -0.106605788594615E+00
 -0.106982663798358E+00
 -0.107077272067180E+00
 -0.107287761779900E+00
 -0.107695836622616E+00
 -0.107886015441267E+00
 -0.108032584985225E+00
 -0.108399965931465E+00
 -0.108587013811331E+00
 -0.108892702363523E+00
 -0.109292659684466E+00
 -0.109527289317479E+00
 -0.109726920144234E+00
 -0.110201066158681E+00
 -0.110100409247672E+00
 -0.110673708759321E+00
 -0.110698195690445E+00
 -0.111344882023688E+00
 -0.111377928797677E+00
 -0.111676797961643E+00
 -0.112180475880788E+00
 -0.112182475045265E+00
 -0.112330596975411E+00
 -0.112648061909964E+00
 -0.112939832786122E+00
 -0.112977361776420E+00
 -0.113447372334037E+00
 -0.113863852319573E+00
 -0.114201317130114E+00
 -0.114431143059960E+00
 -0.114706957854970E+00
 -0.114759953085299E+00
 -0.115153723834666E+00
 -0.115457659638268E+00
 -0.115721971825447E+00
 -0.116012496426586E+00
 -0.116056116356074E+00
 -0.116539286008515E+00
 -0.116942247270494E+00
 -0.117095295519017E+00
 -0.117326030256417E+00
 -0.117394122130713E+00
 -0.118141583398833E+00
 -0.118205159607892E+00
 -0.118935070996128E+00
 -0.119109458944617E+00
 -0.119200319217404E+00
 -0.119375995367066E+00
 -0.119918475224936E+00
 -0.119966409090628E+00
 -0.120416289840909E+00
 -0.120464014862600E+00
 -0.120993769313643E+00
 -0.121361312106721E+00
 -0.121376242276377E+00
 -0.121819291923100E+00
 -0.122037989997775E+00
 -0.122338923612522E+00
 -0.122528717737964E+00
 -0.122875807938623E+00
 -0.123385525595633E+00
 -0.123796230461182E+00
 -0.123835153098624E+00
 -0.124256561975071E+00
 -0.124538454594317E+00
 -0.124904365318254E+00
 -0.125049681881062E+00
 -0.125523284673455E+00
 -0.125846851829529E+00
 -0.125835010780464E+00
 -0.126283599040563E+00
 -0.126788123505615E+00
 -0.127159172522207E+00
 -0.127521107991802E+00
 -0.127699126312135E+00
 -0.128128422877233E+00
 -0.128205089592063E+00
 -0.128530033477579E+00
 -0.129167136274262E+00
 -0.129336748978398E+00
 -0.129544636065893E+00
 -0.129993063123879E+00
 -0.130357025927593E+00
 -0.130592362130128E+00
 -0.131061053948160E+00
 -0.131601219350526E+00
 -0.131578985728624E+00
 -0.131848762801030E+00
 -0.132174808590229E+00
 -0.132542273944089E+00
 -0.132696622123731E+00
 -0.133213674699898E+00
 -0.133424452956083E+00
 -0.133958797326802E+00
 -0.134110274033422E+00
 -0.134537969252723E+00
 -0.135089849383864E+00
 -0.135260404963806E+00
 -0.135402693398500E+00
 -0.135818745687793E+00
 -0.136236722579489E+00
 -0.136539622131604E+00
 -0.137017470828739E+00
 -0.137191026906112E+00
 -0.137870527651532E+00
 -0.137860983875675E+00
 -0.138425736235921E+00
 -0.138470965365906E+00
 -0.139072640454747E+00
 -0.139155965016099E+00
 -0.139454096525826E+00
 -0.140036455522087E+00
 -0.140234991029182E+00
 -0.140548515061274E+00
 -0.140984603101544E+00
 -0.141233702936188E+00
 -0.141801515003413E+00
 -0.142202109708464E+00
 -0.142304332164698E+00
 -0.142840563394052E+00
 -0.143249117443654E+00
 -0.143525400374503E+00
 -0.143822763757884E+00
 -0.144301336106484E+00
 -0.144331798916761E+00
 -0.144962527894158E+00
 -0.145161766888170E+00
 -0.145603422352252E+00
 -0.145635793486341E+00
 -0.146158016969587E+00
 -0.146646781799740E+00
 -0.147170867338342E+00
 -0.147269669072179E+00
 -0.147865943175746E+00
 -0.148155659737627E+00
 -0.148584341604178E+00
 -0.148998999226999E+00
 -0.149441768392524E+00
 -0.149792267076744E+00
 -0.149790587502789E+00
 -0.150517525578853E+00
 -0.150891643154418E+00
 -0.150983831036229E+00
 -0.151659083775563E+00
 -0.151725778369550E+00
 -0.152172292463016E+00
 -0.152522615197579E+00
 -0.152996884875915E+00
 -0.153483284973659E+00
 -0.153681913175330E+00
 -0.154003651477560E+00
 -0.154758497976035E+00
 -0.154953685612166E+00
 -0.155399806738361E+00
 -0.155741937796804E+00
 -0.156279709732386E+00
 -0.156554533445886E+00
 -0.156891471997752E+00
 -0.157284009560160E+00
 -0.157664461384562E+00
 -0.158040249105180E+00
 -0.158611486436965E+00
 -0.158763583702308E+00
 -0.159665295008527E+00
 -0.159551711168002E+00
 -0.160163852255807E+00
 -0.160487950186345E+00
 -0.160777331248747E+00
 -0.161206305713714E+00
 -0.161872369848430E+00
 -0.162330779499663E+00
 -0.162462799159712E+00
 -0.162758123366479E+00
 -0.163306984084556E+00
 -0.163759850098051E+00
 -0.164366434546337E+00
 -0.164505821445119E+00
 -0.165012428014528E+00
 -0.165216341902936E+00
 -0.165921032080001E+00
 -0.165878967166823E+00
 -0.166623812692133E+00
 -0.166906564999384E+00
 -0.167526747607117E+00
 -0.167896985678465E+00
 -0.168135471301039E+00
 -0.168706786656154E+00
 -0.168917527188704E+00
 -0.169359961030833E+00
 -0.170071296082711E+00
 -0.170248256224700E+00
 -0.170746726299478E+00
 -0.171384893347152E+00
 -0.171635338085431E+00
 -0.171995192225529E+00
 -0.172498361529015E+00
 -0.172662761284465E+00
 -0.173586406473962E+00
 -0.173534599030562E+00
 -0.174304270064305E+00
 -0.174466882649244E+00
 -0.174900551017846E+00
 -0.175647021701601E+00
 -0.176098916658981E+00
 -0.176454215621069E+00
 -0.177192204873272E+00
 -0.177350904615119E+00
 -0.177799674967149E+00
 -0.178219007622947E+00
 -0.178790794039863E+00
 -0.179419785385145E+00
 -0.179560372376356E+00
 -0.179984277983967E+00
 -0.180407534991115E+00
 -0.180929507451569E+00
 -0.181161753994421E+00
 -0.181857920187216E+00
 -0.182115430376593E+00
 -0.182671914231454E+00
 -0.183265971683115E+00
 -0.183577682218731E+00
 -0.184135140011191E+00
 -0.184522322506085E+00
 -0.184813051881425E+00
 -0.185251450427785E+00
 -0.186061619237803E+00
 -0.186094185991206E+00
 -0.186892243234501E+00
 -0.187125849946623E+00
 -0.187727108634225E+00
 -0.188081998170495E+00
 -0.188689038152037E+00
 -0.189238348514152E+00
 -0.189540328533214E+00
 -0.189894472241929E+00
 -0.190352262605249E+00
 -0.191141978683817E+00
 -0.191584897554203E+00
 -0.192120671024042E+00
 -0.192494811772714E+00
 -0.192968795114183E+00
 -0.193545465207444E+00
 -0.194051151583872E+00
 -0.194487531814622E+00
 -0.194875330370378E+00
 -0.195345904017547E+00
 -0.195850448868900E+00
 -0.196338702899577E+00
 -0.196915885955872E+00
 -0.197381982868433E+00
 -0.197887286612662E+00
 -0.198340820232558E+00
 -0.198949156321391E+00
 -0.199323959972926E+00
 -0.199992669388209E+00
 -0.200175513264959E+00
 -0.200853198717195E+00
 -0.201519660060033E+00
 -0.201836786111645E+00
 -0.202367463634630E+00
 -0.202967002852209E+00
 -0.203361291165273E+00
 -0.203785306033836E+00
 -0.204482038569150E+00
 -0.204866042747685E+00
 -0.205507646276680E+00
 -0.205874261734909E+00
 -0.206463277795771E+00
 -0.207021437302894E+00
 -0.207238455716332E+00
 -0.208187137515400E+00
 -0.208645104998446E+00
 -0.209265085050751E+00
 -0.209824300607758E+00
 -0.210346505668159E+00
 -0.211015510735124E+00
 -0.211353245063409E+00
 -0.211937379305676E+00
 -0.212430887666074E+00
 -0.212921701174312E+00
 -0.213481681156432E+00
 -0.214029659474581E+00
 -0.214770045929084E+00
 -0.215217684963562E+00
 -0.216016998062392E+00
 -0.216378753269917E+00
 -0.217011302705568E+00
 -0.217306204230191E+00
 -0.217959084138093E+00
 -0.218617481718030E+00
 -0.219020845242798E+00
 -0.219484011586393E+00
 -0.220065618666400E+00
 -0.220736491138110E+00
 -0.221344803789897E+00
 -0.221781954056633E+00
 -0.222333834645369E+00
 -0.222988912444413E+00
 -0.223612043546254E+00
 -0.224066640090331E+00
 -0.224878821176039E+00
 -0.225270559634587E+00
 -0.225832180809913E+00
 -0.226414795017615E+00
 -0.227015967855271E+00
 -0.227506795221537E+00
 -0.228079398659329E+00
 -0.228832416405729E+00
 -0.229325349106145E+00
 -0.229942880184219E+00
 -0.230459897372788E+00
 -0.231296853920151E+00
 -0.231558330153745E+00
 -0.232171868394470E+00
 -0.232760144812086E+00
 -0.233610839522166E+00
 -0.234112378659931E+00
 -0.234590750520287E+00
 -0.235320918530003E+00
 -0.235714860782774E+00
 -0.236461933771602E+00
 -0.236823988020061E+00
 -0.237489042686624E+00
 -0.238267513505261E+00
 -0.238746127512219E+00
 -0.239544057499819E+00
 -0.240061159103904E+00
 -0.240722398008363E+00
 -0.241135193420147E+00
 -0.242097498916306E+00
 -0.242428484233239E+00
 -0.243038313244130E+00
 -0.243814691390274E+00
 -0.244434428114491E+00
 -0.245110966031998E+00
 -0.245760801639844E+00
 -0.246431781907286E+00
 -0.246926099587556E+00
 -0.247677971966571E+00
 -0.248225476778261E+00
 -0.249091579496819E+00
 -0.249623783239483E+00
 -0.249869731481287E+00
 -0.250853855005484E+00
 -0.251398292098176E+00
 -0.252295157634357E+00
 -0.252798263491042E+00
 -0.253711202753641E+00
 -0.254435412087718E+00
 -0.254567229848070E+00
 -0.255663881324601E+00
 -0.256140921104770E+00
 -0.256943897283412E+00
 -0.257453295598955E+00
 -0.258133908771477E+00
 -0.258578213219593E+00
 -0.259422458906529E+00
 -0.260277947195889E+00
 -0.260675845059169E+00
 -0.261459293771594E+00
 -0.261996731753453E+00
 -0.262691262267105E+00
 -0.263389456044223E+00
 -0.263902598619408E+00
 -0.264606677743048E+00
 -0.265165146324632E+00
 -0.266088600246726E+00
 -0.266900266221708E+00
 -0.267679767019134E+00
 -0.268345847440131E+00
 -0.268860725094685E+00
 -0.269699215459722E+00
 -0.270319528970520E+00
 -0.270977381564809E+00
 -0.271689684534792E+00
 -0.272408776891773E+00
 -0.273221833399686E+00
 -0.273877014903121E+00
 -0.274636586603456E+00
 -0.275185867837706E+00
 -0.276042606183369E+00
 -0.276871343698557E+00
 -0.277609228256474E+00
 -0.278038802712675E+00
 -0.279070046126699E+00
 -0.279407375081100E+00
 -0.280170024391096E+00
 -0.281203297668723E+00
 -0.281829477535798E+00
 -0.282743751977599E+00
 -0.283207525629544E+00
 -0.284040334672218E+00
 -0.284854329821990E+00
 -0.285337017836968E+00
 -0.286104283908762E+00
 -0.286862812983103E+00
 -0.287749468713290E+00
 -0.288325618176860E+00
 -0.289284462374250E+00
 -0.290038939975306E+00
 -0.290692644511565E+00
 -0.291590557553420E+00
 -0.292452673101815E+00
 -0.293110728513881E+00
 -0.293854883354798E+00
 -0.294618616919928E+00
 -0.295331232577155E+00
 -0.296390402092262E+00
 -0.296875871174179E+00
 -0.297813447011051E+00
 -0.298560876804647E+00
 -0.299372236367709E+00
 -0.300030880983249E+00
 -0.300897537974083E+00
 -0.301829370955349E+00
 -0.302443799727697E+00
 -0.303288021019850E+00
 -0.304306130607976E+00
 -0.305056251528266E+00
 -0.305630305327574E+00
 -0.306539970592426E+00
 -0.307339463722775E+00
 -0.308053104401739E+00
 -0.309073439489979E+00
 -0.309961604578362E+00
 -0.310657732057805E+00
 -0.311483462979064E+00
 -0.312293426021483E+00
 -0.313081879835201E+00
 -0.313999334334963E+00
 -0.314850185250124E+00
 -0.315598534981813E+00
 -0.316512903332273E+00
 -0.317200759284934E+00
 -0.318511356999694E+00
 -0.318972422898154E+00
 -0.319830365909158E+00
 -0.320676303029223E+00
 -0.321441277647712E+00
 -0.322231627953409E+00
 -0.323159327326876E+00
 -0.324131165281908E+00
 -0.325044408683244E+00
 -0.325904455754248E+00
 -0.326664145840422E+00
 -0.327442186472400E+00
 -0.328289693384107E+00
 -0.329302296367806E+00
 -0.330000451743998E+00
 -0.330925831539395E+00
 -0.331729036747568E+00
 -0.332772911631989E+00
 -0.333667234407837E+00
 -0.334444674035208E+00
 -0.335327947199155E+00
 -0.336350529115513E+00
 -0.337138183286802E+00
 -0.338127497636549E+00
 -0.338899198993036E+00
 -0.340047390905334E+00
 -0.340624909646316E+00
 -0.341952513458967E+00
 -0.342582428857637E+00
 -0.343500455357858E+00
 -0.344553278366957E+00
 -0.345430815483119E+00
 -0.346394075702169E+00
 -0.347225457326449E+00
 -0.348114743415704E+00
 -0.349155387391559E+00
 -0.350174551413657E+00
 -0.351081474050593E+00
 -0.352054853575047E+00
 -0.353024292498708E+00
 -0.353984963415614E+00
 -0.355004312342436E+00
 -0.355934436812428E+00
 -0.356720214641060E+00
 -0.357587088834048E+00
 -0.358761039330384E+00
 -0.359691585069494E+00
 -0.360547205913409E+00
 -0.361584900023908E+00
 -0.362647191798964E+00
 -0.363352648066241E+00
 -0.364459684844966E+00
 -0.365621220907625E+00
 -0.366469514426186E+00
 -0.367392647101348E+00
 -0.368475589499492E+00
 -0.369418637351869E+00
 -0.370673511753481E+00
 -0.371279102708421E+00
 -0.372597294173314E+00
 -0.373464854085790E+00
 -0.374274019845804E+00
 -0.375622576126994E+00
 -0.376441587846723E+00
 -0.377715439564488E+00
 -0.378680042886903E+00
 -0.379735325255314E+00
 -0.380587647251809E+00
 -0.381587904616953E+00
 -0.382734961167726E+00
 -0.383595273591119E+00
 -0.385055114848641E+00
 -0.385920246859920E+00
 -0.387008837403886E+00
 -0.387994068356805E+00
 -0.389167342223816E+00
 -0.390188924167130E+00
 -0.391097495364122E+00
 -0.392253191411440E+00
 -0.393155271896391E+00
 -0.394195544200713E+00
 -0.395668368236052E+00
 -0.396598781654821E+00
 -0.397672518405853E+00
 -0.398741370484314E+00
 -0.399952713861119E+00
 -0.400977195931477E+00
 -0.402179224137852E+00
 -0.403110354294924E+00
 -0.404394029716062E+00
 -0.405418919951286E+00
 -0.406450167428080E+00
 -0.407752571891887E+00
 -0.408666706332976E+00
 -0.409734130621193E+00
 -0.411007792140915E+00
 -0.411972153065346E+00
 -0.413102906700860E+00
 -0.414221443751182E+00
 -0.415332745370576E+00
 -0.416354680975719E+00
 -0.417829391560627E+00
 -0.418661774704992E+00
 -0.420138042218948E+00
 -0.421082156923940E+00
 -0.422665816819682E+00
 -0.423727768364752E+00
 -0.424920708752022E+00
 -0.425993639439700E+00
 -0.427380160799255E+00
 -0.428538249070470E+00
 -0.429642791300794E+00
 -0.430833556387706E+00
 -0.431851018208401E+00
 -0.433320522362731E+00
 -0.434400490787497E+00
 -0.435698023361875E+00
 -0.436641509574479E+00
 -0.438067448153730E+00
 -0.439292837097958E+00
 -0.440518695145869E+00
 -0.441702202956991E+00
 -0.442808389258853E+00
 -0.444172595301421E+00
 -0.445359550741125E+00
 -0.446730546844058E+00
 -0.447781857773245E+00
 -0.449187870830286E+00
 -0.450358549801196E+00
 -0.451549990650819E+00
 -0.452875955130765E+00
 -0.454043050024463E+00
 -0.455615902847937E+00
 -0.456678186491444E+00
 -0.457929970602911E+00
 -0.459194566938811E+00
 -0.460603415753721E+00
 -0.461828984513371E+00
 -0.463156721002172E+00
 -0.464448194800636E+00
 -0.466009799363786E+00
 -0.467032174564227E+00
 -0.468323578631668E+00
 -0.469794725942178E+00
 -0.470901902114665E+00
 -0.472097008172715E+00
 -0.473749754583524E+00
 -0.475015877282065E+00
 -0.476412483511578E+00
 -0.477554895507947E+00
 -0.478882497602390E+00
 -0.480213368656108E+00
 -0.481537940734768E+00
 -0.482971693438785E+00
 -0.484511054214468E+00
 -0.485654276236496E+00
 -0.487161759939902E+00
 -0.488578068751918E+00
 -0.489914109215575E+00
 -0.491604262266672E+00
 -0.492527947403302E+00
 -0.494320829313302E+00
 -0.495626269517524E+00
 -0.496781507122825E+00
 -0.498261548771098E+00
 -0.499658009848761E+00
 -0.500982904102495E+00
 -0.502514155209928E+00
 -0.504239364134996E+00
 -0.505421422434418E+00
 -0.507085276200554E+00
 -0.508366698671297E+00
 -0.509804640590631E+00
 -0.511221490930523E+00
 -0.512932675780878E+00
 -0.514202555959145E+00
 -0.515747977110369E+00
 -0.517080517591893E+00
 -0.518702236834724E+00
 -0.520135768483194E+00
 -0.521630033713170E+00
 -0.522877832825592E+00
 -0.524811069133361E+00
 -0.525897692376904E+00
 -0.527613318580892E+00
 -0.528970992462362E+00
 -0.530434957960210E+00
 -0.532263548803970E+00
 -0.533539824454147E+00
 -0.535344325145120E+00
 -0.536581802493981E+00
 -0.538340277466864E+00
 -0.539788722522720E+00
 -0.541602576751562E+00
 -0.542655726099600E+00
 -0.544619226714354E+00
 -0.546128583021651E+00
 -0.547770634038703E+00
 -0.549386632659856E+00
 -0.550720842609472E+00
 -0.552478095840958E+00
 -0.554067855357136E+00
 -0.555657009843837E+00
 -0.557074393966307E+00
 -0.559094122685778E+00
 -0.560543718968158E+00
 -0.561801922742667E+00
 -0.563712699938375E+00
 -0.565023062841855E+00
 -0.566802930189158E+00
 -0.568784779007366E+00
 -0.570220581002676E+00
 -0.571957185355261E+00
 -0.573716623706696E+00
 -0.575290629699907E+00
 -0.577146511036682E+00
 -0.578702570376926E+00
 -0.580236449187943E+00
 -0.581820782548655E+00
 -0.583681738434188E+00
 -0.585539900513353E+00
 -0.587195037107978E+00
 -0.588857151131095E+00
 -0.590694319294193E+00
 -0.592331953754435E+00
 -0.594156749619375E+00
 -0.595600767716043E+00
 -0.597391959236419E+00
 -0.599205842542762E+00
 -0.601040902790472E+00
 -0.602685733400429E+00
 -0.604627657216062E+00
 -0.606228091565169E+00
 -0.608242723758633E+00
 -0.609962276710596E+00
 -0.611975529449004E+00
 -0.613507668888954E+00
 -0.615466507913555E+00
 -0.617309873862578E+00
 -0.618825695874280E+00
 -0.621032746198995E+00
 -0.622488435362021E+00
 -0.624496091330514E+00
 -0.626254656537374E+00
 -0.628134637921419E+00
 -0.630105660735481E+00
 -0.632087532765063E+00
 -0.633710455261660E+00
 -0.635689808873356E+00
 -0.637577492658724E+00
 -0.639485657750011E+00
 -0.641570956791491E+00
 -0.643171522519908E+00
 -0.645138644981086E+00
 -0.647095441335318E+00
 -0.649046743816952E+00
 -0.650935128322098E+00
 -0.653012648911188E+00
 -0.654589674468816E+00
 -0.656717994140197E+00
 -0.658484845525967E+00
 -0.660558817904640E+00
 -0.662441238660959E+00
 -0.664683431514575E+00
 -0.666573575230248E+00
 -0.668592615542918E+00
 -0.670513190362297E+00
 -0.672501433825783E+00
 -0.674482360470243E+00
 -0.676735211487437E+00
 -0.678523998462906E+00
 -0.680813612552730E+00
 -0.682690227123948E+00
 -0.684605366323335E+00
 -0.686770953130536E+00
 -0.688772155759503E+00
 -0.691076309472172E+00
 -0.692959004916526E+00
 -0.695044397430692E+00
 -0.697485231629397E+00
 -0.699496131344387E+00
 -0.701398925715014E+00
 -0.703486375176110E+00
 -0.705599896270139E+00
 -0.707740423949212E+00
 -0.709869762684574E+00
 -0.712137777864854E+00
 -0.714255915875793E+00
 -0.716339395497640E+00
 -0.718530147452517E+00
 -0.720876052611601E+00
 -0.722957344052786E+00
 -0.725062388607059E+00
 -0.727381689172756E+00
 -0.729309855512695E+00
 -0.731606543093075E+00
 -0.734000145389905E+00
 -0.736138417392574E+00
 -0.738248153535807E+00
 -0.740730773979919E+00
 -0.742992551152974E+00
 -0.745235165843781E+00
 -0.747564599823043E+00
 -0.749919642383790E+00
 -0.752217180927708E+00
 -0.754403380318222E+00
 -0.756820546240538E+00
 -0.758963640472195E+00
 -0.761370587059871E+00
 -0.763570872966260E+00
 -0.766050275362525E+00
 -0.768314946358724E+00
 -0.770695200982660E+00
 -0.773095091112337E+00
 -0.775591338646884E+00
 -0.777868546240410E+00
 -0.780168226199062E+00
 -0.782420148640686E+00
 -0.785121407051494E+00
 -0.787645224666542E+00
 -0.789954759934795E+00
 -0.792428693074822E+00
 -0.794639515136221E+00
 -0.797199583169212E+00
 -0.799692604227480E+00
 -0.802174394444058E+00
 -0.804644409544010E+00
 -0.807119155481153E+00
 -0.809578414555301E+00
 -0.812158981194299E+00
 -0.814575081565555E+00
 -0.817137328549484E+00
 -0.819749596529861E+00
 -0.822096299488450E+00
 -0.824646737232244E+00
 -0.827310482627672E+00
 -0.829929129998292E+00
 -0.832476951311871E+00
 -0.835072302514570E+00
 -0.837622684151851E+00
 -0.840264869667148E+00
 -0.842820339839850E+00
 -0.845522651564078E+00
 -0.848255878934317E+00
 -0.850835180011168E+00
 -0.853375917231650E+00
 -0.856460411352128E+00
 -0.858856407129247E+00
 -0.861631876706639E+00
 -0.864386934796844E+00
 -0.866811660124617E+00
 -0.869856480192088E+00
 -0.872227355006311E+00
 -0.875430709387503E+00
 -0.877828213606979E+00
 -0.880612675508741E+00
 -0.883472438900455E+00
 -0.886085038939466E+00
 -0.889047077584712E+00
 -0.891702224804534E+00
 -0.894579940550267E+00
 -0.897378622903547E+00
 -0.900118925913049E+00
 -0.903251929341797E+00
 -0.905723864960681E+00
 -0.908732999269348E+00
 -0.911502528331651E+00
 -0.914498008624050E+00
 -0.917361679060157E+00
 -0.920243285410924E+00
 -0.923235390795983E+00
 -0.926264922964043E+00
 -0.929163511368734E+00
 -0.932071861602427E+00
 -0.935138172242794E+00
 -0.937958319411213E+00
 -0.940968488181559E+00
 -0.944037816342519E+00
 -0.947004621292556E+00
 -0.950081069911112E+00
 -0.953077038955433E+00
 -0.956182197190643E+00
 -0.959289143933725E+00
 -0.962173874837614E+00
 -0.965400503332728E+00
 -0.968590877855137E+00
 -0.971743763654833E+00
 -0.974726450477805E+00
 -0.977878771514026E+00
 -0.980841337256906E+00
 -0.984154446076100E+00
 -0.987290044907237E+00
 -0.990716833419963E+00
 -0.993866040180254E+00
 -0.996865473443967E+00
 -0.100031388738756E+01
 -0.100350306956311E+01
 -0.100663623124411E+01
 -0.100982811753345E+01
 -0.101316692747781E+01
 -0.101621934646841E+01
 -0.101976470964132E+01
 -0.102344993832675E+01
 -0.102642068537617E+01
 -0.102996163288868E+01
 -0.103342794848214E+01
 -0.103684922866980E+01
 -0.104027047717386E+01
 -0.104359622025896E+01
 -0.104706623506812E+01
 -0.105054668532917E+01
 -0.105418019917055E+01
 -0.105787847645396E+01
 -0.106132165985798E+01
 -0.106461643406888E+01
 -0.106852219746027E+01
 -0.107183223808653E+01
 -0.107567036719437E+01
 -0.107922911651667E+01
 -0.108291413787812E+01
 -0.108656571370409E+01
 -0.109024285790923E+01
 -0.109409288941722E+01
 -0.109751724597511E+01
 -0.110157304034381E+01
 -0.110543880028596E+01
 -0.110932088230913E+01
 -0.111316264472080E+01
 -0.111704624625380E+01
 -0.112099547329144E+01
 -0.112501874655276E+01
 -0.112865236026451E+01
 -0.113267295979747E+01
 -0.113688738105068E+01
 -0.114088957997448E+01
 -0.114506076183354E+01
 -0.114914799136162E+01
 -0.115322568196663E+01
 -0.115738718892823E+01
 -0.116181439388083E+01
 -0.116585864125026E+01
 -0.116997718969410E+01
 -0.117434133520086E+01
 -0.117879503750618E+01
 -0.118335991412767E+01
 -0.118783668981031E+01
 -0.119229631897862E+01
 -0.119679422268451E+01
 -0.120172790542322E+01
 -0.120612132351459E+01
 -0.121077213651960E+01
 -0.121523053951832E+01
 -0.122040269242408E+01
 -0.122501763953984E+01
 -0.123000292925123E+01
 -0.123541745511194E+01
 -0.124009296565258E+01
 -0.124520187647904E+01
 -0.125062406491018E+01
 -0.125553868810060E+01
 -0.126093180424451E+01
 -0.126645283037420E+01
 -0.127183266154999E+01
 -0.127738308178328E+01
 -0.128297523884067E+01
 -0.128889003592357E+01
 -0.129495149595235E+01
 -0.130076226508934E+01
 -0.130700631540259E+01
 -0.131318224798414E+01
 -0.131908421624108E+01
 -0.132571807243808E+01
 -0.133197886349922E+01
 -0.133887483062641E+01
 -0.134526016959058E+01
 -0.135270647492843E+01
 -0.135960946805594E+01
 -0.136680724558493E+01
 -0.137439004428671E+01
 -0.138183766950948E+01
 -0.138970600382849E+01
 -0.139754939444840E+01
 -0.140562980122236E+01
 -0.141410727545038E+01
 -0.142269690041782E+01
 -0.143145456552103E+01
 -0.144044567184153E+01
 -0.144979416515876E+01
 -0.145959725142796E+01
 -0.146960905549684E+01
 -0.147968257706280E+01
 -0.149049142289845E+01
 -0.150106548870538E+01
 -0.151247345627141E+01
 -0.152439686184079E+01
 -0.153617568882970E+01
 -0.154911371490935E+01
 -0.156174589237692E+01
 -0.157563967936225E+01
 -0.158950716502498E+01
 -0.160424651330304E+01
 -0.161979819414100E+01
 -0.163555585129043E+01
 -0.165219426129151E+01
 -0.166943662605979E+01
 -0.168769329141729E+01
 -0.170680390058532E+01
 -0.172646877479923E+01
 -0.174790067570329E+01
 -0.176949209608885E+01
 -0.179285924279275E+01
 -0.181756249792703E+01
 -0.184331262096808E+01
 -0.187065496601569E+01
 -0.189964100336912E+01
 -0.193031086221380E+01
 -0.196308927697153E+01
 -0.199763949793916E+01
 -0.203479489757511E+01
 -0.207464619297371E+01
 -0.211695419168905E+01
 -0.216275157033256E+01
 -0.221169100912396E+01
 -0.226474902084579E+01
 -0.232245313344960E+01
 -0.238471211468653E+01
 -0.245280256873951E+01
 -0.252735054859546E+01
 -0.260952318563625E+01
 -0.270023580135608E+01
 -0.280196256364481E+01
 -0.291617669682348E+01
 -0.304591558365037E+01
 -0.319566170212973E+01
 -0.337238243830571E+01
 -0.358649994896761E+01
 -0.386454013874285E+01
 -0.431792717982716E+01
 -0.542283304812342E+01
 -0.547998615964685E+01
 -0.666522152989365E+01
 -0.742262250040805E+01
 -0.746020586648847E+01
 -0.854353744593424E+01
 -0.107716030113295E+02
 -0.899489055737325E+01
 -0.114109398755739E+02
 -0.100568389619895E+02
 -0.121747813004411E+02
 -0.119223329817079E+02
 -0.137092310926360E+02
 -0.148835470553975E+02
 -0.159530603090573E+02
 -0.158208262440519E+02
 -0.159972749802252E+02
 -0.101653205966199E+02
 -0.743702288993486E+01
 -0.699376482233544E+01
 -0.969597598539904E+01
 -0.692061976795669E+01
 -0.131139263324746E+02
 -0.698389502028527E+01
 -0.116853198849866E+02
 -0.992629937671743E+01
 -0.129278726663375E+02
 -0.106020203492954E+02
 -0.133592961867876E+02
 -0.123367857710614E+02
 -0.136591549010452E+02
 -0.130271994722498E+02
 -0.113921044389829E+02
 -0.106906423108233E+02
 -0.948669436785830E+01
 -0.115728820823392E+02
 -0.868639568825162E+01
 -0.221952080201885E+01
 -0.321212626761681E+01
  0.149552382206718E+01
 -0.325840369719048E+01
 -0.176490059043064E+00
 -0.311237238139310E+01
  0.170892078967392E+00
 -0.644490584706701E+01
  0.598172295211048E+01
 -0.195711639801796E+01
 -0.114089454965192E+01
 -0.372226297549524E+01
  0.304015247589268E+01
 -0.693447669343151E+01
  0.265561361512873E+00
  0.411142900643801E+00
  0.275677080661007E+01
 -0.976741302440563E+01
  0.368072087652370E+01
  0.170816012561491E+02
  0.623081804888410E+01
  0.430500971908753E+02
  0.201732649475589E+02
  0.116145880066866E+02
  0.212227648544865E+02
  0.304541476173428E+02
  0.169607575787396E+02
  0.118690273507443E+02
  0.176779377338560E+02
  0.158208899615080E+02
  0.284445068682889E+02
  0.222897828743353E+02
  0.288012432732546E+02
  0.211872738900127E+02
  0.257005488152152E+02
  0.208811258198702E+02
  0.287953659310321E+02
  0.279278217327062E+02
  0.411895493368020E+02
  0.305320676687135E+02
  0.353826043602614E+02
  0.495245890479959E+02
  0.445236636059765E+02
  0.400642705096979E+02
  0.327012380824590E+02
  0.534078708826536E+02
  0.310910776694646E+02
  0.455078748634195E+02
  0.515887130083416E+02
  0.473162474987083E+02
  0.456276043780746E+02
  0.591284576277714E+02
  0.400771834596061E+02
  0.563058953134370E+02
  0.640681322189539E+02
  0.543942430258202E+02
  0.702493404165080E+02
  0.673078892104236E+02
  0.790668885801351E+02
  0.648426145562240E+02
  0.757567053952261E+02
  0.469412815068381E+02
  0.543028187734851E+02
  0.593979426136185E+02
  0.681543852922005E+02
  0.789607586347644E+02
  0.681606746903531E+02
  0.837976310206580E+02
  0.596683346974857E+02
  0.565456776117428E+02
  0.894616353906894E+02
  0.728141645439728E+02
  0.870409711360912E+02
  0.109509142711140E+03
  0.897640238484308E+02
  0.725895960754339E+02
  0.108823564599717E+03
  0.788339886040943E+02
  0.945676485747069E+02
  0.627760164918596E+02
  0.890091199458995E+02
  0.556511334289179E+02
  0.697914519852141E+02
  0.591940339170400E+02
  0.617374661952780E+02
  0.902793589464642E+02
  0.426987251332121E+02
  0.751971344291383E+02
  0.746508800506818E+02
  0.549816791909661E+02
  0.425572343646395E+02
  0.861009402293120E+02
  0.553234891105117E+02
  0.107561669388225E+03
  0.753309148849251E+02
  0.728251895406814E+02
  0.698754000595522E+02
  0.606941719395974E+02
  0.134008836980852E+03
  0.247984913325836E+02
  0.768073230900430E+02
  0.254677860491169E+02
  0.248459200677791E+02
  0.625634514426890E+02
 -0.104185485931879E+02
  0.417852719032331E+02
  0.315115418963788E+02
  0.398135980806262E+02
  0.302451456694762E+02
  0.265274648550647E+01
 -0.224549494716780E+01
  0.219725891476517E+02
 -0.948934945236170E+01
  0.113048675265757E+00
 -0.231572128093964E+01
 -0.108254840713828E+01
  0.388969778993746E+02
  0.762398248209830E+01
  0.393748397849495E+02
 -0.978494988277858E+01
  0.157002525008505E+02
  0.527265526802796E+01
  0.245578116223083E+01
 -0.161691245643597E+02
 -0.222021397768983E+01
 -0.199525692126015E+02
  0.297769703534161E+02
 -0.185885880014182E+02
  0.101330819721616E+02
 -0.180466316037388E+02
 -0.195368184188495E+02
  0.224510348623172E+02
 -0.410487601577933E+02
 -0.352067639174270E+02
 -0.524111959583622E+02
 -0.673618453885030E+02
 -0.302488056672045E+02
 -0.444592051726042E+02
 -0.169390807154227E+02
 -0.603436052939695E+01
 -0.296929550925309E+02
 -0.438259859183608E+02
 -0.526730187210141E+02
 -0.407327065594714E+02
 -0.485929633673825E+02
 -0.728378658866084E+02
 -0.395022129434370E+02
 -0.672681332950158E+02
 -0.892120557860052E+02
 -0.410530739770947E+02
 -0.835293543106019E+02
 -0.595909485271505E+02
 -0.100867947072472E+03
 -0.100929009838371E+03
 -0.120511355747855E+03
 -0.119321583263020E+03
 -0.122280635438751E+03
 -0.106885768338439E+03
 -0.975678625820222E+02
 -0.108317083724529E+03
 -0.769774767038680E+02
 -0.123875119097909E+03
 -0.127844519718768E+03
 -0.125940799484785E+03
 -0.116888841822081E+03
 -0.133193677660933E+03
 -0.123244658014437E+03
 -0.152269070281646E+03
 -0.162266787292037E+03
 -0.140040956010396E+03
 -0.174196416481098E+03
 -0.175185726574775E+03
 -0.172471678408590E+03
 -0.191905119430998E+03
 -0.178047753514054E+03
 -0.221749985588782E+03
 -0.207715164357883E+03
 -0.237101505058206E+03
 -0.173562739634114E+03
 -0.183580904138505E+03
 -0.181984708470073E+03
 -0.198766131714397E+03
 -0.195371750765705E+03
 -0.226590313582331E+03
 -0.209190889982050E+03
 -0.215809059760629E+03
 -0.241919959198142E+03
 -0.245934603116330E+03
 -0.262764100568168E+03
 -0.278363430500019E+03
 -0.254601771720060E+03
 -0.287365066342952E+03
 -0.277292049293939E+03
 -0.277054763465423E+03
 -0.300519101447557E+03
 -0.287685323751167E+03
 -0.285382422910432E+03
 -0.289305103141694E+03
 -0.290343256617331E+03
 -0.306571334221596E+03
 -0.293110513775069E+03
 -0.284265662409338E+03
 -0.281521162381662E+03
 -0.304315655493664E+03
 -0.310212263996379E+03
 -0.289339623384537E+03
 -0.308739882951332E+03
 -0.322607577809273E+03
 -0.345876039441632E+03
 -0.346779336193900E+03
 -0.343693522107368E+03
 -0.355329444803118E+03
 -0.340692022374588E+03
 -0.349438025304672E+03
 -0.354413527050428E+03
 -0.334968286239044E+03
 -0.340582441945527E+03
 -0.339991150911700E+03
 -0.351010698629793E+03
 -0.361545949893306E+03
 -0.360840974512574E+03
 -0.367294636144793E+03
 -0.371824231675538E+03
 -0.367225790683732E+03
 -0.389537936048524E+03
 -0.369653862375361E+03
 -0.387590839921112E+03
 -0.379717333788902E+03
 -0.383754070572493E+03
 -0.365820079269345E+03
 -0.353974825348332E+03
 -0.374700141586507E+03
 -0.375154501984021E+03
 -0.371403394120555E+03
 -0.364274168108113E+03
 -0.364476374716304E+03
 -0.366056378594736E+03
 -0.360214975263232E+03
 -0.379965686008508E+03
 -0.369980058316794E+03
 -0.379402629762485E+03
 -0.350613709555306E+03
 -0.379693237025638E+03
 -0.357000889443563E+03
 -0.366364480544734E+03
 -0.350691313316658E+03
 -0.336290934058108E+03
 -0.336992035598488E+03
 -0.339552014833218E+03
 -0.321605156605544E+03
 -0.317607289276961E+03
 -0.308997243158254E+03
 -0.315852237096230E+03
 -0.292743651565931E+03
 -0.302977135801955E+03
 -0.280017198556929E+03
 -0.293136040008940E+03
 -0.284100604999041E+03
 -0.275402247432401E+03
 -0.291660954713223E+03
 -0.264843190752750E+03
 -0.285079477761490E+03
 -0.252351013525659E+03
 -0.261260277665498E+03
 -0.253469809837859E+03
 -0.240146226236160E+03
 -0.244451295817805E+03
 -0.221264416180940E+03
 -0.232392065832788E+03
 -0.203975000952570E+03
 -0.221903937570925E+03
 -0.202950187786942E+03
 -0.200470572215724E+03
 -0.195693569225729E+03
 -0.202796277803630E+03
 -0.173399596456504E+03
 -0.185675329684780E+03
 -0.177983680036730E+03
 -0.171935223589924E+03
 -0.157177488678536E+03
 -0.154179700544055E+03
 -0.155720556130464E+03
 -0.133144136700209E+03
 -0.125947949590936E+03
 -0.115920011576602E+03
 -0.968433855680635E+02
 -0.108200510840102E+03
 -0.102048651996655E+03
 -0.101928404556669E+03
 -0.801427626171489E+02
 -0.965907294225395E+02
 -0.931623065295724E+02
 -0.765562241045024E+02
 -0.819070840529977E+02
 -0.797289739029213E+02
 -0.757377656233933E+02
 -0.634651544749896E+02
 -0.559875709106004E+02
 -0.709925117659998E+02
 -0.429337825011663E+02
 -0.431038126544842E+02
 -0.188219820007792E+02
 -0.227097079867800E+02
  0.220173142295751E+02
  0.869386807799851E+01
  0.318384871717283E+02
  0.218167059467985E+02
  0.810331858691198E+02
  0.314758257384514E+02
  0.621750109374682E+02
  0.738251381480514E+02
  0.533522303843008E+02
  0.658861004213604E+02
  0.703695956061745E+02
  0.731387675794077E+02
  0.932553740357289E+02
  0.880467837466117E+02
  0.109427228970790E+03
  0.125294195195063E+03
  0.140144693475711E+03
  0.108878009725308E+03
  0.176132489125313E+03
  0.141132981624722E+03
  0.155441894906542E+03
  0.155633354384978E+03
  0.150112776974233E+03
  0.159019023456342E+03
  0.184212500915606E+03
  0.234848765973587E+03
  0.174033625279470E+03
  0.228472352115741E+03
  0.197872251735345E+03
  0.233536652067350E+03
  0.218194321056676E+03
  0.213054092912716E+03
  0.226223467466480E+03
  0.248413603661823E+03
  0.250553628377423E+03
  0.254324122488071E+03
  0.291752991995891E+03
  0.280997355700275E+03
  0.299459390789312E+03
  0.318721668063719E+03
  0.327317043330304E+03
  0.314486112301589E+03
  0.337578485187410E+03
  0.342434961850955E+03
  0.329131892136087E+03
  0.360151862679159E+03
  0.347489055933438E+03
  0.405822093401816E+03
  0.410717947194592E+03
  0.388421042287138E+03
  0.412084544164151E+03
  0.432727780899798E+03
  0.404423165981769E+03
  0.447941238677476E+03
  0.404474238952678E+03
  0.449225173837760E+03
  0.481536854520930E+03
  0.461098847951119E+03
  0.520736419554074E+03
  0.490421943401739E+03
  0.468572372548352E+03
  0.496935483260467E+03
  0.486133766685773E+03
  0.542022582994798E+03
  0.543610817281594E+03
  0.534515948701502E+03
  0.564525193201802E+03
  0.557505527604070E+03
  0.606875302082713E+03
  0.612088560827683E+03
  0.649882464734217E+03
  0.655778296888763E+03
  0.598329000862322E+03
  0.656107098583334E+03
  0.589769525457884E+03
  0.598271640835847E+03
  0.626158914430825E+03
  0.612652772245919E+03
  0.650742973224137E+03
  0.624562553100335E+03
  0.648842232782360E+03
  0.668613618990574E+03
  0.661700094077205E+03
  0.653223078649259E+03
  0.672873208348472E+03
  0.679550219481779E+03
  0.726944008689161E+03
  0.701360932532426E+03
  0.722432077886246E+03
  0.811592791437811E+03
  0.695157519434154E+03
