  0.00000000000000000000E+00   0.10000000000000002220E+01
  0.10000000000000000000E+01   0.99804650240434855668E+00
  0.20000000000000000000E+01   0.99227277081770759448E+00
  0.30000000000000000000E+01   0.98281832531537871578E+00
  0.40000000000000000000E+01   0.96983170979038180182E+00
  0.50000000000000000000E+01   0.95346640513433145170E+00
  0.60000000000000000000E+01   0.93387714518245978912E+00
  0.70000000000000000000E+01   0.91121671037248697100E+00
  0.80000000000000000000E+01   0.88563324707879009789E+00
  0.90000000000000000000E+01   0.85726813720554517761E+00
  0.10000000000000000000E+02   0.82625442359440548490E+00
  0.11000000000000000000E+02   0.79271578233863382312E+00
  0.12000000000000000000E+02   0.75676602298765160981E+00
  0.13000000000000000000E+02   0.71850909135071427958E+00
  0.14000000000000000000E+02   0.67803954643202335451E+00
  0.15000000000000000000E+02   0.63544348209371348535E+00
  0.16000000000000000000E+02   0.59079986443344101321E+00
  0.17000000000000000000E+02   0.54418225665780639577E+00
  0.18000000000000000000E+02   0.49566090353684044700E+00
  0.19000000000000000000E+02   0.44530514649669455940E+00
  0.20000000000000000000E+02   0.39318613728348056346E+00
  0.21000000000000000000E+02   0.33937981225478347502E+00
  0.22000000000000000000E+02   0.28397008022088138235E+00
  0.23000000000000000000E+02   0.22705216406899994541E+00
  0.24000000000000000000E+02   0.16873602015322305969E+00
  0.25000000000000000000E+02   0.10914973999574242858E+00
  0.26000000000000000000E+02   0.48442817085491363116E-01
  0.27000000000000000000E+02   0.13210861073957304648E-01
  0.28000000000000000000E+02   0.75610456925124316929E-01
  0.29000000000000000000E+02   0.13852624151654910345E+00
  0.30000000000000000000E+02   0.20169845669783786901E+00
  0.31000000000000000000E+02   0.26483716890668779209E+00
  0.32000000000000000000E+02   0.32762328732484902183E+00
  0.33000000000000000000E+02   0.38971088642637985444E+00
  0.34000000000000000000E+02   0.45073092100241857194E+00
  0.35000000000000000000E+02   0.51029635085615376866E+00
  0.36000000000000000000E+02   0.56800860527844954095E+00
  0.37000000000000000000E+02   0.62346521972988344640E+00
  0.38000000000000000000E+02   0.67626837717078858159E+00
  0.39000000000000000000E+02   0.72603399454796813117E+00
  0.40000000000000000000E+02   0.77240092225629486400E+00
  0.41000000000000000000E+02   0.81503978134926979848E+00
  0.42000000000000000000E+02   0.85366095771140027004E+00
  0.43000000000000000000E+02   0.88802130802522682984E+00
  0.44000000000000000000E+02   0.91792920773681208058E+00
  0.45000000000000000000E+02   0.94324767965869105169E+00
  0.46000000000000000000E+02   0.96389547223271554444E+00
  0.47000000000000000000E+02   0.97984609491653185120E+00
  0.48000000000000000000E+02   0.99112495013727530679E+00
  0.49000000000000000000E+02   0.99780481381625529824E+00
  0.50000000000000000000E+02   0.99999999999999700240E+00
  0.51000000000000000000E+02   0.99785959444423966147E+00
  0.52000000000000000000E+02   0.99156015652815510109E+00
  0.53000000000000000000E+02   0.98129827213344988923E+00
  0.54000000000000000000E+02   0.96728329856539485565E+00
  0.55000000000000000000E+02   0.94973058425925838133E+00
  0.56000000000000000000E+02   0.92885537919570804188E+00
  0.57000000000000000000E+02   0.90486758410498990823E+00
  0.58000000000000000000E+02   0.87796742360114521375E+00
  0.59000000000000000000E+02   0.84834207442867304305E+00
  0.60000000000000000000E+02   0.81616323725103645526E+00
  0.61000000000000000000E+02   0.78158560947911903671E+00
  0.62000000000000000000E+02   0.74474619689463072980E+00
  0.63000000000000000000E+02   0.70576439178046179723E+00
  0.64000000000000000000E+02   0.66474274294559532184E+00
  0.65000000000000000000E+02   0.62176834624207233393E+00
  0.66000000000000000000E+02   0.57691479073538920463E+00
  0.67000000000000000000E+02   0.53024460356005764794E+00
  0.68000000000000000000E+02   0.48181214381966186444E+00
  0.69000000000000000000E+02   0.43166690105021682244E+00
  0.70000000000000000000E+02   0.37985715536226155598E+00
  0.71000000000000000000E+02   0.32643395325691815234E+00
  0.72000000000000000000E+02   0.27145534439219215495E+00
  0.73000000000000000000E+02   0.21499080971423170650E+00
  0.74000000000000000000E+02   0.15712579026621134592E+00
  0.75000000000000000000E+02   0.97966199141651111315E-01
  0.76000000000000000000E+02   0.37642767726931480876E-01
  0.77000000000000000000E+02   0.23684956206113202959E-01
  0.78000000000000000000E+02   0.85825173550147029755E-01
  0.79000000000000000000E+02   0.14855120417625736207E+00
  0.80000000000000000000E+02   0.21159992099456889636E+00
  0.81000000000000000000E+02   0.27467150594746275738E+00
  0.82000000000000000000E+02   0.33743076342012201518E+00
  0.83000000000000000000E+02   0.39951017682064599024E+00
  0.84000000000000000000E+02   0.46051481498144980486E+00
  0.85000000000000000000E+02   0.52002908769940359157E+00
  0.86000000000000000000E+02   0.57762521968797875260E+00
  0.87000000000000000000E+02   0.63287316970990492582E+00
  0.88000000000000000000E+02   0.68535158113908634103E+00
  0.89000000000000000000E+02   0.73465922876860412227E+00
  0.90000000000000000000E+02   0.78042634164084057069E+00
  0.91000000000000000000E+02   0.82232514752847529760E+00
  0.92000000000000000000E+02   0.86007901020827304261E+00
  0.93000000000000000000E+02   0.89346961672153513145E+00
  0.94000000000000000000E+02   0.92234181063295839209E+00
  0.95000000000000000000E+02   0.94660584339096331963E+00
  0.96000000000000000000E+02   0.96623700854284033657E+00
  0.97000000000000000000E+02   0.98127281034990343489E+00
  0.98000000000000000000E+02   0.99180797889158456293E+00
  0.99000000000000000000E+02   0.99798776279146361734E+00
  0.10000000000000000000E+03   0.99999999999999023004E+00
  0.10100000000000000000E+03   0.99806648577385537191E+00
  0.10200000000000000000E+03   0.99243413065705443632E+00
  0.10300000000000000000E+03   0.98336633995275446463E+00
  0.10400000000000000000E+03   0.97113496215269190515E+00
  0.10500000000000000000E+03   0.95601305940135050676E+00
  0.10600000000000000000E+03   0.93826865906544565377E+00
  0.10700000000000000000E+03   0.91815956002376175604E+00
  0.10800000000000000000E+03   0.89592919563089279400E+00
  0.10900000000000000000E+03   0.87180349992931938097E+00
  0.11000000000000000000E+03   0.84598868482070077590E+00
  0.11100000000000000000E+03   0.81866981218238532581E+00
  0.11200000000000000000E+03   0.79001003398717561943E+00
  0.11300000000000000000E+03   0.76015037259898143862E+00
  0.11400000000000000000E+03   0.72920991982366001327E+00
  0.11500000000000000000E+03   0.69728634451910576075E+00
  0.11600000000000000000E+03   0.66445661256341648215E+00
  0.11700000000000000000E+03   0.63077783817472743433E+00
  0.11800000000000000000E+03   0.59628820086827383218E+00
  0.11900000000000000000E+03   0.56100787704096666264E+00
  0.12000000000000000000E+03   0.52493994896222662128E+00
  0.12100000000000000000E+03   0.48807126678497048111E+00
  0.12200000000000000000E+03   0.45037325127516608658E+00
  0.12300000000000000000E+03   0.41180263669749850308E+00
  0.12400000000000000000E+03   0.37230216527892850964E+00
  0.12500000000000000000E+03   0.33180125767913554169E+00
  0.12600000000000000000E+03   0.29021669891547186015E+00
  0.12700000000000000000E+03   0.24745339746190656016E+00
  0.12800000000000000000E+03   0.20340529832300416335E+00
  0.12900000000000000000E+03   0.15795656072180094820E+00
  0.13000000000000000000E+03   0.11098315005068497274E+00
  0.13100000000000000000E+03   0.62355044865901862461E-01
  0.13200000000000000000E+03   0.11939326446263781242E-01
  0.13300000000000000000E+03   0.40395495318515113603E-01
  0.13400000000000000000E+03   0.94773456290095245413E-01
  0.13500000000000000000E+03   0.15130281320833027792E+00
  0.13600000000000000000E+03   0.21006465732630577592E+00
  0.13700000000000000000E+03   0.27109752055404029436E+00
  0.13800000000000000000E+03   0.33437684084467145240E+00
  0.13900000000000000000E+03   0.39978800114736046112E+00
  0.14000000000000000000E+03   0.46709161188723985481E+00
  0.14100000000000000000E+03   0.53587989754976461665E+00
  0.14200000000000000000E+03   0.60552367604006640533E+00
  0.14300000000000000000E+03   0.67511077941142672021E+00
  0.14400000000000000000E+03   0.74337923278180551012E+00
  0.14500000000000000000E+03   0.80865246781578181690E+00
  0.14600000000000000000E+03   0.86878948494990171358E+00
  0.14700000000000000000E+03   0.92116979104978458093E+00
  0.14800000000000000000E+03   0.96273954532853345256E+00
  0.14900000000000000000E+03   0.99014830760291128176E+00
  0.15000000000000000000E+03   0.99999999999988398169E+00
  0.15100000000000000000E+03   0.98922181011586751698E+00
  0.15200000000000000000E+03   0.95551889533985889802E+00
  0.15300000000000000000E+03   0.89783757046232959276E+00
  0.15400000000000000000E+03   0.81672313475221225421E+00
  0.15500000000000000000E+03   0.71445480186597509764E+00
  0.15600000000000000000E+03   0.59488516941816649286E+00
  0.15700000000000000000E+03   0.46299673853588163563E+00
  0.15800000000000000000E+03   0.32427784460893166463E+00
  0.15900000000000000000E+03   0.18407195499129314076E+00
  0.16000000000000000000E+03   0.47045068210011517507E-01
  0.16100000000000000000E+03   0.83142460245986551937E-01
  0.16200000000000000000E+03   0.20394673697470147578E+00
  0.16300000000000000000E+03   0.31387684054270859058E+00
  0.16400000000000000000E+03   0.41232445915337301301E+00
  0.16500000000000000000E+03   0.49935107172801784792E+00
  0.16600000000000000000E+03   0.57547938444948476544E+00
  0.16700000000000000000E+03   0.64151521598547034397E+00
  0.16800000000000000000E+03   0.69840951032333464799E+00
  0.16900000000000000000E+03   0.74715967886960088506E+00
  0.17000000000000000000E+03   0.78874428233486804096E+00
  0.17100000000000000000E+03   0.82408346005057830919E+00
  0.17200000000000000000E+03   0.85401789865360688836E+00
  0.17300000000000000000E+03   0.87930036892452301256E+00
  0.17400000000000000000E+03   0.90059528353402062972E+00
  0.17500000000000000000E+03   0.91848301609910854015E+00
  0.17600000000000000000E+03   0.93346675715951288321E+00
  0.17700000000000000000E+03   0.94598045675309827551E+00
  0.17800000000000000000E+03   0.95639695315420003574E+00
  0.17900000000000000000E+03   0.96503576245624778096E+00
  0.18000000000000000000E+03   0.97217025054930306105E+00
  0.18100000000000000000E+03   0.97803406573726126005E+00
  0.18200000000000000000E+03   0.98282680560801183312E+00
  0.18300000000000000000E+03   0.98671894661687109540E+00
  0.18400000000000000000E+03   0.98985609364890991824E+00
  0.18500000000000000000E+03   0.99236261939693370948E+00
  0.18600000000000000000E+03   0.99434476621671075147E+00
  0.18700000000000000000E+03   0.99589328039817393012E+00
  0.18800000000000000000E+03   0.99708564317613535000E+00
  0.18900000000000000000E+03   0.99798795592927869169E+00
  0.19000000000000000000E+03   0.99865652985103370298E+00
  0.19100000000000000000E+03   0.99913922346461814250E+00
  0.19200000000000000000E+03   0.99947656497596004677E+00
  0.19300000000000000000E+03   0.99970269072874473615E+00
  0.19400000000000000000E+03   0.99984612596607180812E+00
  0.19500000000000000000E+03   0.99993042967982281866E+00
  0.19600000000000000000E+03   0.99997472148040322804E+00
  0.19700000000000000000E+03   0.99999410507252928237E+00
  0.19800000000000000000E+03   0.10000000000000000000E+01
  0.19900000000000000000E+03   0.00000000000000000000E+00
