  0.10000000000000000000E+01  -0.12246467991473532072E-15
  0.20000000000000000000E+01  -0.62790518127683367378E-01
  0.30000000000000000000E+01  -0.12533323077764982334E+00
  0.40000000000000000000E+01  -0.18738131044714798068E+00
  0.50000000000000000000E+01  -0.24868988172373671097E+00
  0.60000000000000000000E+01  -0.30901698769662200306E+00
  0.70000000000000000000E+01  -0.36812454485000212223E+00
  0.80000000000000000000E+01  -0.42577928266989051309E+00
  0.90000000000000000000E+01  -0.48175366425622512256E+00
  0.10000000000000000000E+02  -0.53582678430701913275E+00
  0.11000000000000000000E+02  -0.58778524093062756162E+00
  0.12000000000000000000E+02  -0.63742397784548143758E+00
  0.13000000000000000000E+02  -0.68454709364351429279E+00
  0.14000000000000000000E+02  -0.72896861492348596911E+00
  0.15000000000000000000E+02  -0.77051323024300144571E+00
  0.16000000000000000000E+02  -0.80901698199265115186E+00
  0.17000000000000000000E+02  -0.84432791346176072622E+00
  0.18000000000000000000E+02  -0.87630666854207950323E+00
  0.19000000000000000000E+02  -0.90482704170264904864E+00
  0.20000000000000000000E+02  -0.92977647606535329672E+00
  0.21000000000000000000E+02  -0.95105650761547555483E+00
  0.22000000000000000000E+02  -0.96858315379416204394E+00
  0.23000000000000000000E+02  -0.98228724493919961080E+00
  0.24000000000000000000E+02  -0.99211469726605960862E+00
  0.25000000000000000000E+02  -0.99802672631187683283E+00
  0.26000000000000000000E+02  -0.99999999999999933387E+00
  0.27000000000000000000E+02  -0.99802673072103120777E+00
  0.28000000000000000000E+02  -0.99211470606696749996E+00
  0.29000000000000000000E+02  -0.98228725809712791328E+00
  0.30000000000000000000E+02  -0.96858317125718229601E+00
  0.31000000000000000000E+02  -0.95105652931466932998E+00
  0.32000000000000000000E+02  -0.92977650191508376398E+00
  0.33000000000000000000E+02  -0.90482707160089903553E+00
  0.34000000000000000000E+02  -0.87630670237085450669E+00
  0.35000000000000000000E+02  -0.84432795108755387403E+00
  0.36000000000000000000E+02  -0.80901702326697066958E+00
  0.37000000000000000000E+02  -0.77051327500295641038E+00
  0.38000000000000000000E+02  -0.72896866299242923937E+00
  0.39000000000000000000E+02  -0.68454714483173983997E+00
  0.40000000000000000000E+02  -0.63742403195097263602E+00
  0.41000000000000000000E+02  -0.58778529773985477291E+00
  0.42000000000000000000E+02  -0.53582684359578236499E+00
  0.43000000000000000000E+02  -0.48175372579053854505E+00
  0.44000000000000000000E+02  -0.42577934620690649492E+00
  0.45000000000000000000E+02  -0.36812461013896896622E+00
  0.46000000000000000000E+02  -0.30901705447987454223E+00
  0.47000000000000000000E+02  -0.24868994973771149648E+00
  0.48000000000000000000E+02  -0.18738137942342492082E+00
  0.49000000000000000000E+02  -0.12533330044401108649E+00
  0.50000000000000000000E+02  -0.62790588209187675472E-01
  0.51000000000000000000E+02  -0.70220067804823609014E-07
  0.52000000000000000000E+02   0.62790448046178587438E-01
  0.53000000000000000000E+02   0.12533316111128783854E+00
  0.54000000000000000000E+02   0.18738124147087012461E+00
  0.55000000000000000000E+02   0.24868981370976078749E+00
  0.56000000000000000000E+02   0.30901692091336813162E+00
  0.57000000000000000000E+02   0.36812447956103278024E+00
  0.58000000000000000000E+02   0.42577921913287192224E+00
  0.59000000000000000000E+02   0.48175360272190881350E+00
  0.60000000000000000000E+02   0.53582672501825301392E+00
  0.61000000000000000000E+02   0.58778518412139713067E+00
  0.62000000000000000000E+02   0.63742392373998690847E+00
  0.63000000000000000000E+02   0.68454704245528530393E+00
  0.64000000000000000000E+02   0.72896856685453892410E+00
  0.65000000000000000000E+02   0.77051318548304270628E+00
  0.66000000000000000000E+02   0.80901694071832763733E+00
  0.67000000000000000000E+02   0.84432787583596358161E+00
  0.68000000000000000000E+02   0.87630663471330028091E+00
  0.69000000000000000000E+02   0.90482701180439439881E+00
  0.70000000000000000000E+02   0.92977645021561816652E+00
  0.71000000000000000000E+02   0.95105648591627689470E+00
  0.72000000000000000000E+02   0.96858313633113679586E+00
  0.73000000000000000000E+02   0.98228723178126642335E+00
  0.74000000000000000000E+02   0.99211468846514672126E+00
  0.75000000000000000000E+02   0.99802672190271746189E+00
  0.76000000000000000000E+02   0.99999999999999444888E+00
  0.77000000000000000000E+02   0.99802673513018080875E+00
  0.78000000000000000000E+02   0.99211471486787061735E+00
  0.79000000000000000000E+02   0.98228727125505144180E+00
  0.80000000000000000000E+02   0.96858318872019788515E+00
  0.81000000000000000000E+02   0.95105655101385844219E+00
  0.82000000000000000000E+02   0.92977652776480979036E+00
  0.83000000000000000000E+02   0.90482710149914480358E+00
  0.84000000000000000000E+02   0.87630673619962529131E+00
  0.85000000000000000000E+02   0.84432798871334302504E+00
  0.86000000000000000000E+02   0.80901706454128630153E+00
  0.87000000000000000000E+02   0.77051331976290748926E+00
  0.88000000000000000000E+02   0.72896871106136895690E+00
  0.89000000000000000000E+02   0.68454719601996194545E+00
  0.90000000000000000000E+02   0.63742408605646072584E+00
  0.91000000000000000000E+02   0.58778535454907920865E+00
  0.92000000000000000000E+02   0.53582690288454315475E+00
  0.93000000000000000000E+02   0.48175378732485002464E+00
  0.94000000000000000000E+02   0.42577940974392075590E+00
  0.95000000000000000000E+02   0.36812467542793458897E+00
  0.96000000000000000000E+02   0.30901712126312574913E+00
  0.97000000000000000000E+02   0.24869001775168531054E+00
  0.98000000000000000000E+02   0.18738144839970086175E+00
  0.99000000000000000000E+02   0.12533337011037173903E+00
  0.10000000000000000000E+03   0.62790658290691747645E-01
  0.10100000000000000000E+03   0.14044013564341146008E-06
  0.10200000000000000000E+03  -0.62790377964673502187E-01
  0.10300000000000000000E+03  -0.12533309144492518761E+00
  0.10400000000000000000E+03  -0.18738117249459118607E+00
  0.10500000000000000000E+03  -0.24868974569578342071E+00
  0.10600000000000000000E+03  -0.30901685413011242831E+00
  0.10700000000000000000E+03  -0.36812441427206171740E+00
  0.10800000000000000000E+03  -0.42577915559585122196E+00
  0.10900000000000000000E+03  -0.48175354118759050603E+00
  0.11000000000000000000E+03  -0.53582666572948445260E+00
  0.11100000000000000000E+03  -0.58778512731216403520E+00
  0.11200000000000000000E+03  -0.63742386963448938175E+00
  0.11300000000000000000E+03  -0.68454699126705287338E+00
  0.11400000000000000000E+03  -0.72896851878558832638E+00
  0.11500000000000000000E+03  -0.77051314072308008107E+00
  0.11600000000000000000E+03  -0.80901689944400012600E+00
  0.11700000000000000000E+03  -0.84432783821016199610E+00
  0.11800000000000000000E+03  -0.87630660088451661771E+00
  0.11900000000000000000E+03  -0.90482698190613519706E+00
  0.12000000000000000000E+03  -0.92977642436587837338E+00
  0.12100000000000000000E+03  -0.95105646421707357163E+00
  0.12200000000000000000E+03  -0.96858311886810688485E+00
  0.12300000000000000000E+03  -0.98228721862332835091E+00
  0.12400000000000000000E+03  -0.99211467966422883791E+00
  0.12500000000000000000E+03  -0.99802671749355309494E+00
  0.12600000000000000000E+03  -0.99999999999998456790E+00
  0.12700000000000000000E+03  -0.99802673953932541373E+00
  0.12800000000000000000E+03  -0.99211472366876873874E+00
  0.12900000000000000000E+03  -0.98228728441297008533E+00
  0.13000000000000000000E+03  -0.96858320618320870032E+00
  0.13100000000000000000E+03  -0.95105657271304289146E+00
  0.13200000000000000000E+03  -0.92977655361453104277E+00
  0.13300000000000000000E+03  -0.90482713139738590868E+00
  0.13400000000000000000E+03  -0.87630677002839163503E+00
  0.13500000000000000000E+03  -0.84432802633912773516E+00
  0.13600000000000000000E+03  -0.80901710581559771462E+00
  0.13700000000000000000E+03  -0.77051336452285501544E+00
  0.13800000000000000000E+03  -0.72896875913030523275E+00
  0.13900000000000000000E+03  -0.68454724720818105332E+00
  0.14000000000000000000E+03  -0.63742414016194604010E+00
  0.14100000000000000000E+03  -0.58778541135830097986E+00
  0.14200000000000000000E+03  -0.53582696217330139099E+00
  0.14300000000000000000E+03  -0.48175384885915922828E+00
  0.14400000000000000000E+03  -0.42577947328093307400E+00
  0.14500000000000000000E+03  -0.36812474071689843536E+00
  0.14600000000000000000E+03  -0.30901718804637545723E+00
  0.14700000000000000000E+03  -0.24869008576565787560E+00
  0.14800000000000000000E+03  -0.18738151737597669166E+00
  0.14900000000000000000E+03  -0.12533343977673166991E+00
  0.15000000000000000000E+03  -0.62790728372195389606E-01
  0.15100000000000000000E+03  -0.21066020330430408079E-06
  0.15200000000000000000E+03   0.62790307883168319791E-01
  0.15300000000000000000E+03   0.12533302177856217585E+00
  0.15400000000000000000E+03   0.18738110351831160916E+00
  0.15500000000000000000E+03   0.24868967768180513800E+00
  0.15600000000000000000E+03   0.30901678734685550376E+00
  0.15700000000000000000E+03   0.36812434898308921127E+00
  0.15800000000000000000E+03   0.42577909205882885635E+00
  0.15900000000000000000E+03   0.48175347965326942301E+00
  0.16000000000000000000E+03   0.53582660644071300471E+00
  0.16100000000000000000E+03   0.58778507050292783109E+00
  0.16200000000000000000E+03   0.63742381552898841335E+00
  0.16300000000000000000E+03   0.68454694007881700113E+00
  0.16400000000000000000E+03   0.72896847071663406492E+00
  0.16500000000000000000E+03   0.77051309596311357009E+00
  0.16600000000000000000E+03   0.80901685816966850684E+00
  0.16700000000000000000E+03   0.84432780058435619175E+00
  0.16800000000000000000E+03   0.87630656705572851362E+00
  0.16900000000000000000E+03   0.90482695200787166545E+00
  0.17000000000000000000E+03   0.92977639851613402833E+00
  0.17100000000000000000E+03   0.95105644251786558563E+00
  0.17200000000000000000E+03   0.96858310140507231090E+00
  0.17300000000000000000E+03   0.98228720546538561553E+00
  0.17400000000000000000E+03   0.99211467086330629161E+00
  0.17500000000000000000E+03   0.99802671308438395403E+00
  0.17600000000000000000E+03   0.99999999999996980193E+00
  0.17700000000000000000E+03   0.99802674394846502270E+00
  0.17800000000000000000E+03   0.99211473246966208617E+00
  0.17900000000000000000E+03   0.98228729757088384389E+00
  0.18000000000000000000E+03   0.96858322364621507461E+00
  0.18100000000000000000E+03   0.95105659441222267780E+00
  0.18200000000000000000E+03   0.92977657946424818736E+00
  0.18300000000000000000E+03   0.90482716129562279495E+00
  0.18400000000000000000E+03   0.87630680385715331582E+00
  0.18500000000000000000E+03   0.84432806396490855949E+00
  0.18600000000000000000E+03   0.80901714708990490887E+00
  0.18700000000000000000E+03   0.77051340928279876685E+00
  0.18800000000000000000E+03   0.72896880719923740077E+00
  0.18900000000000000000E+03   0.68454729839639671951E+00
  0.19000000000000000000E+03   0.63742419426742735755E+00
  0.19100000000000000000E+03   0.58778546816751986448E+00
  0.19200000000000000000E+03   0.53582702146205629656E+00
  0.19300000000000000000E+03   0.48175391039346604494E+00
  0.19400000000000000000E+03   0.42577953681794245000E+00
  0.19500000000000000000E+03   0.36812480600586044988E+00
  0.19600000000000000000E+03   0.30901725482962277836E+00
  0.19700000000000000000E+03   0.24869015377962921942E+00
  0.19800000000000000000E+03   0.18738158635225027338E+00
  0.19900000000000000000E+03   0.12533350944309232244E+00
  0.20000000000000000000E+03   0.62790798453699142589E-01
