   0.0000000000000000        8.3171961068356698E-002
   1.0000000000000000        2.3180326211501054E-002
   2.0000000000000000       0.47373647864727764     
   3.0000000000000000       -2.3486861990472657E-002
   4.0000000000000000       -3.3174391167654783E-002
   5.0000000000000000       -3.5325072520137279E-003
   6.0000000000000000        2.2434726126234778E-002
   7.0000000000000000        3.6021249962593662E-003
   8.0000000000000000       -7.4326244845356803E-003
   9.0000000000000000       -1.2403254500398381E-003
   10.000000000000000        3.2327633286539760E-003
   11.000000000000000        1.4948498225348227E-003
   12.000000000000000       -1.1496289235624808E-003
   13.000000000000000       -7.6754048739243797E-004
   14.000000000000000        3.8883358404637192E-004
   15.000000000000000        4.3223227860283764E-004
   16.000000000000000       -1.0072802070204334E-004
   17.000000000000000       -2.2953832378250826E-004
   18.000000000000000       -2.4290668330085308E-005
   19.000000000000000        6.7559734077500265E-005
   20.000000000000000       -9.4870049354478523E-006
   21.000000000000000       -6.7554964151050336E-005
   22.000000000000000       -4.5899306216640737E-005
   23.000000000000000       -1.6731066540764949E-005
   24.000000000000000       -2.1004031149098323E-005
   25.000000000000000       -3.4732190827396757E-005
   26.000000000000000       -3.5166372892619928E-005
   27.000000000000000       -2.8593519539176771E-005
   28.000000000000000       -2.6349677637277357E-005
   29.000000000000000       -2.7890502590526277E-005
   30.000000000000000       -2.8121831330155114E-005
   31.000000000000000       -2.6310373950719779E-005
   32.000000000000000       -2.4578556238443185E-005
   33.000000000000000       -2.3678538345955348E-005
   34.000000000000000       -2.2832620353002153E-005
   35.000000000000000       -2.1565373120983056E-005
   36.000000000000000       -2.0133109761969470E-005
   37.000000000000000       -1.8802026874614185E-005
   38.000000000000000       -1.7517660189202421E-005
   39.000000000000000       -1.6157181720624081E-005
   40.000000000000000       -1.4724489989193512E-005
   41.000000000000000       -1.3278206094723411E-005
   42.000000000000000       -1.1831943719660121E-005
   43.000000000000000       -1.0366096754421127E-005
   44.000000000000000       -8.8738952896993960E-006
   45.000000000000000       -7.3654897738906214E-006
   46.000000000000000       -5.8486724224426913E-006
   47.000000000000000       -4.3232474965726467E-006
   48.000000000000000       -2.7883299981501521E-006
   49.000000000000000       -1.2462909615279516E-006
   50.000000000000000        2.9960968492059870E-007
   51.000000000000000        1.8474113805388992E-006
   52.000000000000000        3.3958614747375825E-006
   53.000000000000000        4.9433365527562499E-006
   54.000000000000000        6.4878724944594795E-006
   55.000000000000000        8.0276347763275078E-006
   56.000000000000000        9.5609997977286207E-006
   57.000000000000000        1.1086365732531078E-005
   58.000000000000000        1.2602076143429787E-005
   59.000000000000000        1.4106484662755880E-005
   60.000000000000000        1.5598000978617187E-005
   61.000000000000000        1.7075072291510284E-005
   62.000000000000000        1.8536159456159495E-005
   63.000000000000000        1.9979740072924025E-005
   64.000000000000000        2.1404319850525379E-005
   65.000000000000000        2.2808434302233895E-005
   66.000000000000000        2.4190644920014660E-005
   67.000000000000000        2.5549538404870955E-005
   68.000000000000000        2.6883729051231376E-005
   69.000000000000000        2.8191860570321304E-005
   70.000000000000000        2.9472606494513887E-005
   71.000000000000000        3.0724670542456866E-005
   72.000000000000000        3.1946787617940230E-005
   73.000000000000000        3.3137724985460308E-005
   74.000000000000000        3.4296283237018608E-005
   75.000000000000000        3.5421297119817565E-005
   76.000000000000000        3.6511636440897945E-005
   77.000000000000000        3.7566207019715802E-005
   78.000000000000000        3.8583951623922810E-005
   79.000000000000000        3.9563850846546790E-005
   80.000000000000000        4.0504923970366977E-005
   81.000000000000000        4.1406229811373764E-005
   82.000000000000000        4.2266867548359511E-005
   83.000000000000000        4.3085977519450311E-005
   84.000000000000000        4.3862741981733901E-005
   85.000000000000000        4.4596385840233175E-005
   86.000000000000000        4.5286177348299315E-005
   87.000000000000000        4.5931428773057225E-005
   88.000000000000000        4.6531497013528876E-005
   89.000000000000000        4.7085784196038151E-005
   90.000000000000000        4.7593738215198080E-005
   91.000000000000000        4.8054853246736196E-005
   92.000000000000000        4.8468670212544755E-005
   93.000000000000000        4.8834777204334046E-005
   94.000000000000000        4.9152809866982450E-005
   95.000000000000000        4.9422451738428967E-005
   96.000000000000000        4.9643434538153567E-005
   97.000000000000000        4.9815538425167505E-005
   98.000000000000000        4.9938592199102461E-005
   99.000000000000000        5.0012473455542941E-005
   100.00000000000000        5.0037108708009813E-005
   101.00000000000000        5.0012473455181007E-005
   102.00000000000000        4.9938592198686128E-005
   103.00000000000000        4.9815538425667105E-005
   104.00000000000000        4.9643434538343410E-005
   105.00000000000000        4.9422451737656249E-005
   106.00000000000000        4.9152809866165327E-005
   107.00000000000000        4.8834777204437296E-005
   108.00000000000000        4.8468670211846420E-005
   109.00000000000000        4.8054853247271324E-005
   110.00000000000000        4.7593738215205853E-005
   111.00000000000000        4.7085784195993739E-005
   112.00000000000000        4.6531497012891609E-005
   113.00000000000000        4.5931428772876258E-005
   114.00000000000000        4.5286177348269344E-005
   115.00000000000000        4.4596385839025258E-005
   116.00000000000000        4.3862741981469668E-005
   117.00000000000000        4.3085977519871090E-005
   118.00000000000000        4.2266867548710339E-005
   119.00000000000000        4.1406229811512542E-005
   120.00000000000000        4.0504923970333672E-005
   121.00000000000000        3.9563850846585645E-005
   122.00000000000000        3.8583951623583082E-005
   123.00000000000000        3.7566207019483769E-005
   124.00000000000000        3.6511636440949011E-005
   125.00000000000000        3.5421297120641348E-005
   126.00000000000000        3.4296283236834314E-005
   127.00000000000000        3.3137724985011774E-005
   128.00000000000000        3.1946787618303275E-005
   129.00000000000000        3.0724670543635922E-005
   130.00000000000000        2.9472606494332920E-005
   131.00000000000000        2.8191860570118132E-005
   132.00000000000000        2.6883729052181726E-005
   133.00000000000000        2.5549538405146288E-005
   134.00000000000000        2.4190644919608318E-005
   135.00000000000000        2.2808434302727942E-005
   136.00000000000000        2.1404319850807373E-005
   137.00000000000000        1.9979740073675645E-005
   138.00000000000000        1.8536159456078451E-005
   139.00000000000000        1.7075072291654615E-005
   140.00000000000000        1.5598000978693792E-005
   141.00000000000000        1.4106484663161113E-005
   142.00000000000000        1.2602076143457542E-005
   143.00000000000000        1.1086365731280967E-005
   144.00000000000000        9.5609997969192672E-006
   145.00000000000000        8.0276347763530424E-006
   146.00000000000000        6.4878724946415560E-006
   147.00000000000000        4.9433365522943975E-006
   148.00000000000000        3.3958614743356819E-006
   149.00000000000000        1.8474113797539715E-006
   150.00000000000000        2.9960968499498365E-007
   151.00000000000000       -1.2462909604149530E-006
   152.00000000000000       -2.7883299978814779E-006
   153.00000000000000       -4.3232474966059529E-006
   154.00000000000000       -5.8486724224565691E-006
   155.00000000000000       -7.3654897735758732E-006
   156.00000000000000       -8.8738952893552279E-006
   157.00000000000000       -1.0366096754363951E-005
   158.00000000000000       -1.1831943719387007E-005
   159.00000000000000       -1.3278206094826107E-005
   160.00000000000000       -1.4724489989141887E-005
   161.00000000000000       -1.6157181720238278E-005
   162.00000000000000       -1.7517660188515748E-005
   163.00000000000000       -1.8802026875255341E-005
   164.00000000000000       -2.0133109761041878E-005
   165.00000000000000       -2.1565373121371634E-005
   166.00000000000000       -2.2832620352127297E-005
   167.00000000000000       -2.3678538346431631E-005
   168.00000000000000       -2.4578556238086801E-005
   169.00000000000000       -2.6310373951217160E-005
   170.00000000000000       -2.8121831328384862E-005
   171.00000000000000       -2.7890502590293689E-005
   172.00000000000000       -2.6349677635166825E-005
   173.00000000000000       -2.8593519539124035E-005
   174.00000000000000       -3.5166372892451172E-005
   175.00000000000000       -3.4732190826416435E-005
   176.00000000000000       -2.1004031148286195E-005
   177.00000000000000       -1.6731066541950115E-005
   178.00000000000000       -4.5899306218017410E-005
   179.00000000000000       -6.7554964150751679E-005
   180.00000000000000       -9.4870049370210382E-006
   181.00000000000000        6.7559734077821121E-005
   182.00000000000000       -2.4290668330033683E-005
   183.00000000000000       -2.2953832378231397E-004
   184.00000000000000       -1.0072802070245856E-004
   185.00000000000000        4.3223227860289873E-004
   186.00000000000000        3.8883358404586679E-004
   187.00000000000000       -7.6754048739202392E-004
   188.00000000000000       -1.1496289235622731E-003
   189.00000000000000        1.4948498225357300E-003
   190.00000000000000        3.2327633286533875E-003
   191.00000000000000       -1.2403254500393036E-003
   192.00000000000000       -7.4326244845351764E-003
   193.00000000000000        3.6021249962607696E-003
   194.00000000000000        2.2434726126235920E-002
   195.00000000000000       -3.5325072520145931E-003
   196.00000000000000       -3.3174391167656359E-002
   197.00000000000000       -2.3486861990470981E-002
   198.00000000000000       0.47373647864727780     
   199.00000000000000        2.3180326211501560E-002
