   0.0000000E+00    0.1000000E+01
   0.1000000E+01    0.7066694E+00
   0.2000000E+01    0.9379576E-02
   0.3000000E+01   -0.6792501E+00
   0.4000000E+01   -0.9599993E+00
   0.5000000E+01   -0.6784238E+00
   0.6000000E+01   -0.9477552E-02
   0.7000000E+01    0.6508243E+00
   0.8000000E+01    0.9198274E+00
   0.9000000E+01    0.6499523E+00
   0.1000000E+02    0.9288642E-02
   0.1100000E+02   -0.6227148E+00
   0.1200000E+02   -0.8800087E+00
   0.1300000E+02   -0.6218885E+00
   0.1400000E+02   -0.9568486E-02
   0.1500000E+02    0.5941072E+00
   0.1600000E+02    0.8396549E+00
   0.1700000E+02    0.5932351E+00
   0.1800000E+02    0.9197708E-02
   0.1900000E+02   -0.5661795E+00
   0.2000000E+02   -0.8000180E+00
   0.2100000E+02   -0.5653532E+00
   0.2200000E+02   -0.9659420E-02
   0.2300000E+02    0.5373900E+00
   0.2400000E+02    0.7594823E+00
   0.2500000E+02    0.5365179E+00
   0.2600000E+02    0.9106774E-02
   0.2700000E+02   -0.5096442E+00
   0.2800000E+02   -0.7200273E+00
   0.2900000E+02   -0.5088178E+00
   0.3000000E+02   -0.9750354E-02
   0.3100000E+02    0.4806728E+00
   0.3200000E+02    0.6793098E+00
   0.3300000E+02    0.4798007E+00
   0.3400000E+02    0.9015840E-02
   0.3500000E+02   -0.4531089E+00
   0.3600000E+02   -0.6400366E+00
   0.3700000E+02   -0.4522825E+00
   0.3800000E+02   -0.9841287E-02
   0.3900000E+02    0.4239556E+00
   0.4000000E+02    0.5991372E+00
   0.4100000E+02    0.4230835E+00
   0.4200000E+02    0.8924906E-02
   0.4300000E+02   -0.3965735E+00
   0.4400000E+02   -0.5600459E+00
   0.4500000E+02   -0.3957472E+00
   0.4600000E+02   -0.9932221E-02
   0.4700000E+02    0.3672384E+00
   0.4800000E+02    0.5189647E+00
   0.4900000E+02    0.3663663E+00
   0.5000000E+02    0.8833972E-02
   0.5100000E+02   -0.3400382E+00
   0.5200000E+02   -0.4800553E+00
   0.5300000E+02   -0.3392119E+00
   0.5400000E+02   -0.1002316E-01
   0.5500000E+02    0.3105212E+00
   0.5600000E+02    0.4387921E+00
   0.5700000E+02    0.3096491E+00
   0.5800000E+02    0.8743038E-02
   0.5900000E+02   -0.2835029E+00
   0.6000000E+02   -0.4000646E+00
   0.6100000E+02   -0.2826766E+00
   0.6200000E+02   -0.1011409E-01
   0.6300000E+02    0.2538040E+00
   0.6400000E+02    0.3586195E+00
   0.6500000E+02    0.2529320E+00
   0.6600000E+02    0.8652104E-02
   0.6700000E+02   -0.2269676E+00
   0.6800000E+02   -0.3200739E+00
   0.6900000E+02   -0.2261413E+00
   0.7000000E+02   -0.1020502E-01
   0.7100000E+02    0.1970869E+00
   0.7200000E+02    0.2784470E+00
   0.7300000E+02    0.1962148E+00
   0.7400000E+02    0.8561170E-02
   0.7500000E+02   -0.1704323E+00
   0.7600000E+02   -0.2400832E+00
   0.7700000E+02   -0.1696059E+00
   0.7800000E+02   -0.1029596E-01
   0.7900000E+02    0.1403697E+00
   0.8000000E+02    0.1982744E+00
   0.8100000E+02    0.1394976E+00
   0.8200000E+02    0.8470237E-02
   0.8300000E+02   -0.1138970E+00
   0.8400000E+02   -0.1600925E+00
   0.8500000E+02   -0.1130706E+00
   0.8600000E+02   -0.1038689E-01
   0.8700000E+02    0.8365248E-01
   0.8800000E+02    0.1181019E+00
   0.8900000E+02    0.8278039E-01
   0.9000000E+02    0.8379303E-02
   0.9100000E+02   -0.5736165E-01
   0.9200000E+02   -0.8010184E-01
   0.9300000E+02   -0.5653532E-01
   0.9400000E+02   -0.1047782E-01
   0.9500000E+02    0.2693530E-01
   0.9600000E+02    0.3792932E-01
   0.9700000E+02    0.2606321E-01
   0.9800000E+02    0.8288369E-02
   0.9900000E+02   -0.8263361E-03
   0.1000000E+03   -0.1111606E-03
