   0.0000000E+00    0.1000000E+01
   0.1000000E+00    0.9965747E+00
   0.2000000E+00    0.9863887E+00
   0.3000000E+00    0.9696962E+00
   0.4000000E+00    0.9468753E+00
   0.5000000E+00    0.9183693E+00
   0.6000000E+00    0.8846229E+00
   0.7000000E+00    0.8460268E+00
   0.8000000E+00    0.8028821E+00
   0.9000000E+00    0.7553910E+00
   0.1000000E+01    0.7036756E+00
   0.1100000E+01    0.6478191E+00
   0.1200000E+01    0.5879201E+00
   0.1300000E+01    0.5241476E+00
   0.1400000E+01    0.4567829E+00
   0.1500000E+01    0.3862416E+00
   0.1600000E+01    0.3130679E+00
   0.1700000E+01    0.2379051E+00
   0.1800000E+01    0.1614468E+00
   0.1900000E+01    0.8438197E-01
   0.2000000E+01    0.7342296E-02
   0.2100000E+01   -0.6913375E-01
   0.2200000E+01   -0.1446156E+00
   0.2300000E+01   -0.2187710E+00
   0.2400000E+01   -0.2913355E+00
   0.2500000E+01   -0.3620694E+00
   0.2600000E+01   -0.4307128E+00
   0.2700000E+01   -0.4969493E+00
   0.2800000E+01   -0.5603869E+00
   0.2900000E+01   -0.6205608E+00
   0.3000000E+01   -0.6769572E+00
   0.3100000E+01   -0.7290528E+00
   0.3200000E+01   -0.7763609E+00
   0.3300000E+01   -0.8184738E+00
   0.3400000E+01   -0.8550928E+00
   0.3500000E+01   -0.8860391E+00
   0.3600000E+01   -0.9112441E+00
   0.3700000E+01   -0.9307223E+00
   0.3800000E+01   -0.9445331E+00
   0.3900000E+01   -0.9527419E+00
   0.4000000E+01   -0.9553882E+00
   0.4100000E+01   -0.9524689E+00
   0.4200000E+01   -0.9439403E+00
   0.4300000E+01   -0.9297370E+00
   0.4400000E+01   -0.9098039E+00
   0.4500000E+01   -0.8841332E+00
   0.4600000E+01   -0.8527969E+00
   0.4700000E+01   -0.8159681E+00
   0.4800000E+01   -0.7739254E+00
   0.4900000E+01   -0.7270395E+00
   0.5000000E+01   -0.6757465E+00
   0.5100000E+01   -0.6205118E+00
   0.5200000E+01   -0.5617945E+00
   0.5300000E+01   -0.5000195E+00
   0.5400000E+01   -0.4355632E+00
   0.5500000E+01   -0.3687553E+00
   0.5600000E+01   -0.2998956E+00
   0.5700000E+01   -0.2292801E+00
   0.5800000E+01   -0.1572312E+00
   0.5900000E+01   -0.8412195E-01
   0.6000000E+01   -0.1039079E-01
   0.6100000E+01    0.6345999E-01
   0.6200000E+01    0.1368792E+00
   0.6300000E+01    0.2092941E+00
   0.6400000E+01    0.2801429E+00
   0.6500000E+01    0.3489061E+00
   0.6600000E+01    0.4151287E+00
   0.6700000E+01    0.4784309E+00
   0.6800000E+01    0.5385032E+00
   0.6900000E+01    0.5950899E+00
   0.7000000E+01    0.6479645E+00
   0.7100000E+01    0.6969037E+00
   0.7200000E+01    0.7416670E+00
   0.7300000E+01    0.7819864E+00
   0.7400000E+01    0.8175699E+00
   0.7500000E+01    0.8481165E+00
   0.7600000E+01    0.8733404E+00
   0.7700000E+01    0.8929995E+00
   0.7800000E+01    0.9069188E+00
   0.7900000E+01    0.9150070E+00
   0.8000000E+01    0.9172602E+00
   0.8100000E+01    0.9137525E+00
   0.8200000E+01    0.9046172E+00
   0.8300000E+01    0.8900218E+00
   0.8400000E+01    0.8701433E+00
   0.8500000E+01    0.8451497E+00
   0.8600000E+01    0.8151919E+00
   0.8700000E+01    0.7804068E+00
   0.8800000E+01    0.7409312E+00
   0.8900000E+01    0.6969224E+00
   0.9000000E+01    0.6485802E+00
   0.9100000E+01    0.5961645E+00
   0.9200000E+01    0.5400046E+00
   0.9300000E+01    0.4804963E+00
   0.9400000E+01    0.4180893E+00
   0.9500000E+01    0.3532653E+00
   0.9600000E+01    0.2865136E+00
   0.9700000E+01    0.2183074E+00
   0.9800000E+01    0.1490883E+00
   0.9900000E+01    0.7925974E-01
   0.1000000E+02    0.9191124E-02
   0.1010000E+02   -0.6076862E-01
   0.1020000E+02   -0.1302731E+00
   0.1030000E+02   -0.1989606E+00
   0.1040000E+02   -0.2664407E+00
   0.1050000E+02   -0.3322901E+00
   0.1060000E+02   -0.3960587E+00
   0.1070000E+02   -0.4572809E+00
   0.1080000E+02   -0.5155118E+00
   0.1090000E+02   -0.5703204E+00
   0.1100000E+02   -0.6213377E+00
   0.1110000E+02   -0.6682541E+00
   0.1120000E+02   -0.7108244E+00
   0.1130000E+02   -0.7488600E+00
   0.1140000E+02   -0.7822148E+00
   0.1150000E+02   -0.8107666E+00
   0.1160000E+02   -0.8344007E+00
   0.1170000E+02   -0.8529990E+00
   0.1180000E+02   -0.8664369E+00
   0.1190000E+02   -0.8745906E+00
   0.1200000E+02   -0.8773496E+00
   0.1210000E+02   -0.8746360E+00
   0.1220000E+02   -0.8664221E+00
   0.1230000E+02   -0.8527437E+00
   0.1240000E+02   -0.8337060E+00
   0.1250000E+02   -0.8094803E+00
   0.1260000E+02   -0.7802923E+00
   0.1270000E+02   -0.7464047E+00
   0.1280000E+02   -0.7080985E+00
   0.1290000E+02   -0.6656565E+00
   0.1300000E+02   -0.6193531E+00
   0.1310000E+02   -0.5694521E+00
   0.1320000E+02   -0.5162133E+00
   0.1330000E+02   -0.4599041E+00
   0.1340000E+02   -0.4008147E+00
   0.1350000E+02   -0.3392713E+00
   0.1360000E+02   -0.2756446E+00
   0.1370000E+02   -0.2103503E+00
   0.1380000E+02   -0.1438416E+00
   0.1390000E+02   -0.7659445E-01
   0.1400000E+02   -0.9089483E-02
   0.1410000E+02    0.5820666E-01
   0.1420000E+02    0.1248560E+00
   0.1430000E+02    0.1904570E+00
   0.1440000E+02    0.2546454E+00
   0.1450000E+02    0.3170860E+00
   0.1460000E+02    0.3774617E+00
   0.1470000E+02    0.4354596E+00
   0.1480000E+02    0.4907601E+00
   0.1490000E+02    0.5430312E+00
   0.1500000E+02    0.5919309E+00
   0.1510000E+02    0.6371156E+00
   0.1520000E+02    0.6782548E+00
   0.1530000E+02    0.7150480E+00
   0.1540000E+02    0.7472397E+00
   0.1550000E+02    0.7746303E+00
   0.1560000E+02    0.7970795E+00
   0.1570000E+02    0.8145031E+00
   0.1580000E+02    0.8268622E+00
   0.1590000E+02    0.8341502E+00
   0.1600000E+02    0.8363785E+00
   0.1610000E+02    0.8335661E+00
   0.1620000E+02    0.8257348E+00
   0.1630000E+02    0.8129109E+00
   0.1640000E+02    0.7951338E+00
   0.1650000E+02    0.7724682E+00
   0.1660000E+02    0.7450173E+00
   0.1670000E+02    0.7129336E+00
   0.1680000E+02    0.6764243E+00
   0.1690000E+02    0.6357500E+00
   0.1700000E+02    0.5912169E+00
   0.1710000E+02    0.5431632E+00
   0.1720000E+02    0.4919440E+00
   0.1730000E+02    0.4379168E+00
   0.1740000E+02    0.3814313E+00
   0.1750000E+02    0.3228251E+00
   0.1760000E+02    0.2624257E+00
   0.1770000E+02    0.2005584E+00
   0.1780000E+02    0.1375565E+00
   0.1790000E+02    0.7377188E-01
   0.1800000E+02    0.9581780E-02
   0.1810000E+02   -0.5460924E-01
   0.1820000E+02   -0.1183742E+00
   0.1830000E+02   -0.1812742E+00
   0.1840000E+02   -0.2428727E+00
   0.1850000E+02   -0.3027504E+00
   0.1860000E+02   -0.3605183E+00
   0.1870000E+02   -0.4158255E+00
   0.1880000E+02   -0.4683615E+00
   0.1890000E+02   -0.5178512E+00
   0.1900000E+02   -0.5640472E+00
   0.1910000E+02   -0.6067184E+00
   0.1920000E+02   -0.6456408E+00
   0.1930000E+02   -0.6805916E+00
   0.1940000E+02   -0.7113492E+00
   0.1950000E+02   -0.7376981E+00
   0.1960000E+02   -0.7594398E+00
   0.1970000E+02   -0.7764048E+00
   0.1980000E+02   -0.7884656E+00
   0.1990000E+02   -0.7955450E+00
   0.2000000E+02   -0.7976203E+00
   0.2010000E+02   -0.7947212E+00
   0.2020000E+02   -0.7869216E+00
   0.2030000E+02   -0.7743288E+00
   0.2040000E+02   -0.7570712E+00
   0.2050000E+02   -0.7352881E+00
   0.2060000E+02   -0.7091242E+00
   0.2070000E+02   -0.6787287E+00
   0.2080000E+02   -0.6442603E+00
   0.2090000E+02   -0.6058958E+00
   0.2100000E+02   -0.5638400E+00
   0.2110000E+02   -0.5183345E+00
   0.2120000E+02   -0.4696623E+00
   0.2130000E+02   -0.4181472E+00
   0.2140000E+02   -0.3641479E+00
   0.2150000E+02   -0.3080476E+00
   0.2160000E+02   -0.2502396E+00
   0.2170000E+02   -0.1911712E+00
   0.2180000E+02   -0.1310580E+00
   0.2190000E+02   -0.7042824E-01
   0.2200000E+02   -0.9573818E-02
   0.2210000E+02    0.5117040E-01
   0.2220000E+02    0.1114735E+00
   0.2230000E+02    0.1710003E+00
   0.2240000E+02    0.2293519E+00
   0.2250000E+02    0.2863273E+00
   0.2260000E+02    0.3413996E+00
   0.2270000E+02    0.3942499E+00
   0.2280000E+02    0.4445161E+00
   0.2290000E+02    0.4918574E+00
   0.2300000E+02    0.5359658E+00
   0.2310000E+02    0.5765735E+00
   0.2320000E+02    0.6134550E+00
   0.2330000E+02    0.6464252E+00
   0.2340000E+02    0.6753316E+00
   0.2350000E+02    0.7000461E+00
   0.2360000E+02    0.7204554E+00
   0.2370000E+02    0.7364559E+00
   0.2380000E+02    0.7479509E+00
   0.2390000E+02    0.7548542E+00
   0.2400000E+02    0.7570973E+00
   0.2410000E+02    0.7546387E+00
   0.2420000E+02    0.7474742E+00
   0.2430000E+02    0.7356441E+00
   0.2440000E+02    0.7192368E+00
   0.2450000E+02    0.6983872E+00
   0.2460000E+02    0.6732703E+00
   0.2470000E+02    0.6440910E+00
   0.2480000E+02    0.6110729E+00
   0.2490000E+02    0.5744585E+00
   0.2500000E+02    0.5344771E+00
   0.2510000E+02    0.4913710E+00
   0.2520000E+02    0.4453834E+00
   0.2530000E+02    0.3967672E+00
   0.2540000E+02    0.3457927E+00
   0.2550000E+02    0.2927546E+00
   0.2560000E+02    0.2379768E+00
   0.2570000E+02    0.1818117E+00
   0.2580000E+02    0.1246354E+00
   0.2590000E+02    0.6683910E-01
   0.2600000E+02    0.8817736E-02
   0.2610000E+02   -0.4904145E-01
   0.2620000E+02   -0.1063682E+00
   0.2630000E+02   -0.1628151E+00
   0.2640000E+02   -0.2180578E+00
   0.2650000E+02   -0.2717926E+00
   0.2660000E+02   -0.3237298E+00
   0.2670000E+02   -0.3735859E+00
   0.2680000E+02   -0.4210788E+00
   0.2690000E+02   -0.4659239E+00
   0.2700000E+02   -0.5078362E+00
   0.2710000E+02   -0.5465360E+00
   0.2720000E+02   -0.5817577E+00
   0.2730000E+02   -0.6132599E+00
   0.2740000E+02   -0.6408357E+00
   0.2750000E+02   -0.6643186E+00
   0.2760000E+02   -0.6835856E+00
   0.2770000E+02   -0.6985548E+00
   0.2780000E+02   -0.7091802E+00
   0.2790000E+02   -0.7154428E+00
   0.2800000E+02   -0.7173428E+00
   0.2810000E+02   -0.7148931E+00
   0.2820000E+02   -0.7081159E+00
   0.2830000E+02   -0.6970445E+00
   0.2840000E+02   -0.6817274E+00
   0.2850000E+02   -0.6622363E+00
   0.2860000E+02   -0.6386736E+00
   0.2870000E+02   -0.6111790E+00
   0.2880000E+02   -0.5799323E+00
   0.2890000E+02   -0.5451524E+00
   0.2900000E+02   -0.5070918E+00
   0.2910000E+02   -0.4660280E+00
   0.2920000E+02   -0.4222537E+00
   0.2930000E+02   -0.3760670E+00
   0.2940000E+02   -0.3277653E+00
   0.2950000E+02   -0.2776412E+00
   0.2960000E+02   -0.2259845E+00
   0.2970000E+02   -0.1730854E+00
   0.2980000E+02   -0.1192414E+00
   0.2990000E+02   -0.6476256E-01
   0.3000000E+02   -0.9975974E-02
   0.3010000E+02    0.4477425E-01
   0.3020000E+02    0.9913047E-01
   0.3030000E+02    0.1527288E+00
   0.3040000E+02    0.2052089E+00
   0.3050000E+02    0.2562235E+00
   0.3060000E+02    0.3054477E+00
   0.3070000E+02    0.3525841E+00
   0.3080000E+02    0.3973640E+00
   0.3090000E+02    0.4395457E+00
   0.3100000E+02    0.4789087E+00
   0.3110000E+02    0.5152474E+00
   0.3120000E+02    0.5483655E+00
   0.3130000E+02    0.5780725E+00
   0.3140000E+02    0.6041840E+00
   0.3150000E+02    0.6265256E+00
   0.3160000E+02    0.6449399E+00
   0.3170000E+02    0.6592949E+00
   0.3180000E+02    0.6694918E+00
   0.3190000E+02    0.6754711E+00
   0.3200000E+02    0.6772149E+00
   0.3210000E+02    0.6747449E+00
   0.3220000E+02    0.6681175E+00
   0.3230000E+02    0.6574165E+00
   0.3240000E+02    0.6427447E+00
   0.3250000E+02    0.6242171E+00
   0.3260000E+02    0.6019579E+00
   0.3270000E+02    0.5760991E+00
   0.3280000E+02    0.5467844E+00
   0.3290000E+02    0.5141746E+00
   0.3300000E+02    0.4784533E+00
   0.3310000E+02    0.4398331E+00
   0.3320000E+02    0.3985575E+00
   0.3330000E+02    0.3549004E+00
   0.3340000E+02    0.3091612E+00
   0.3350000E+02    0.2616573E+00
   0.3360000E+02    0.2127147E+00
   0.3370000E+02    0.1626598E+00
   0.3380000E+02    0.1118717E+00
   0.3390000E+02    0.6047933E-01
   0.3400000E+02    0.8960577E-02
   0.3410000E+02   -0.4245400E-01
   0.3420000E+02   -0.9347654E-01
   0.3430000E+02   -0.1438167E+00
   0.3440000E+02   -0.1931778E+00
   0.3450000E+02   -0.2412562E+00
   0.3460000E+02   -0.2877439E+00
   0.3470000E+02   -0.3323339E+00
   0.3480000E+02   -0.3747291E+00
   0.3490000E+02   -0.4146502E+00
   0.3500000E+02   -0.4518438E+00
   0.3510000E+02   -0.4860875E+00
   0.3520000E+02   -0.5171912E+00
   0.3530000E+02   -0.5449955E+00
   0.3540000E+02   -0.5693669E+00
   0.3550000E+02   -0.5901919E+00
   0.3560000E+02   -0.6073712E+00
   0.3570000E+02   -0.6208160E+00
   0.3580000E+02   -0.6304472E+00
   0.3590000E+02   -0.6361980E+00
   0.3600000E+02   -0.6380186E+00
   0.3610000E+02   -0.6358833E+00
   0.3620000E+02   -0.6297970E+00
   0.3630000E+02   -0.6198000E+00
   0.3640000E+02   -0.6059699E+00
   0.3650000E+02   -0.5884201E+00
   0.3660000E+02   -0.5672949E+00
   0.3670000E+02   -0.5427629E+00
   0.3680000E+02   -0.5150081E+00
   0.3690000E+02   -0.4842254E+00
   0.3700000E+02   -0.4506142E+00
   0.3710000E+02   -0.4143781E+00
   0.3720000E+02   -0.3757266E+00
   0.3730000E+02   -0.3348790E+00
   0.3740000E+02   -0.2920694E+00
   0.3750000E+02   -0.2475521E+00
   0.3760000E+02   -0.2016026E+00
   0.3770000E+02   -0.1545172E+00
   0.3780000E+02   -0.1066092E+00
   0.3790000E+02   -0.5820192E-01
   0.3800000E+02   -0.9620598E-02
   0.3810000E+02    0.3881598E-01
   0.3820000E+02    0.8680181E-01
   0.3830000E+02    0.1340475E+00
   0.3840000E+02    0.1802806E+00
   0.3850000E+02    0.2252434E+00
   0.3860000E+02    0.2686888E+00
   0.3870000E+02    0.3103749E+00
   0.3880000E+02    0.3500621E+00
   0.3890000E+02    0.3875116E+00
   0.3900000E+02    0.4224869E+00
   0.3910000E+02    0.4547587E+00
   0.3920000E+02    0.4841117E+00
   0.3930000E+02    0.5103518E+00
   0.3940000E+02    0.5333130E+00
   0.3950000E+02    0.5528616E+00
   0.3960000E+02    0.5688980E+00
   0.3970000E+02    0.5813541E+00
   0.3980000E+02    0.5901896E+00
   0.3990000E+02    0.5953859E+00
   0.4000000E+02    0.5969404E+00
   0.4010000E+02    0.5948620E+00
   0.4020000E+02    0.5891699E+00
   0.4030000E+02    0.5798949E+00
   0.4040000E+02    0.5670829E+00
   0.4050000E+02    0.5508003E+00
   0.4060000E+02    0.5311397E+00
   0.4070000E+02    0.5082238E+00
   0.4080000E+02    0.4822067E+00
   0.4090000E+02    0.4532726E+00
   0.4100000E+02    0.4216311E+00
   0.4110000E+02    0.3875105E+00
   0.4120000E+02    0.3511505E+00
   0.4130000E+02    0.3127956E+00
   0.4140000E+02    0.2726906E+00
   0.4150000E+02    0.2310784E+00
   0.4160000E+02    0.1882014E+00
   0.4170000E+02    0.1443045E+00
   0.4180000E+02    0.9963941E-01
   0.4190000E+02    0.5446869E-01
   0.4200000E+02    0.9067509E-02
   0.4210000E+02   -0.3627665E-01
   0.4220000E+02   -0.8126802E-01
   0.4230000E+02   -0.1256076E+00
   0.4240000E+02   -0.1690016E+00
   0.4250000E+02   -0.2111682E+00
   0.4260000E+02   -0.2518437E+00
   0.4270000E+02   -0.2907861E+00
   0.4280000E+02   -0.3277757E+00
   0.4290000E+02   -0.3626126E+00
   0.4300000E+02   -0.3951133E+00
   0.4310000E+02   -0.4251052E+00
   0.4320000E+02   -0.4524235E+00
   0.4330000E+02   -0.4769095E+00
   0.4340000E+02   -0.4984111E+00
   0.4350000E+02   -0.5167867E+00
   0.4360000E+02   -0.5319111E+00
   0.4370000E+02   -0.5436815E+00
   0.4380000E+02   -0.5520232E+00
   0.4390000E+02   -0.5568929E+00
   0.4400000E+02   -0.5582815E+00
   0.4410000E+02   -0.5562100E+00
   0.4420000E+02   -0.5507258E+00
   0.4430000E+02   -0.5418972E+00
   0.4440000E+02   -0.5298071E+00
   0.4450000E+02   -0.5145485E+00
   0.4460000E+02   -0.4962225E+00
   0.4470000E+02   -0.4749383E+00
   0.4480000E+02   -0.4508169E+00
   0.4490000E+02   -0.4239939E+00
   0.4500000E+02   -0.3946265E+00
   0.4510000E+02   -0.3628946E+00
   0.4520000E+02   -0.3290040E+00
   0.4530000E+02   -0.2931817E+00
   0.4540000E+02   -0.2556764E+00
   0.4550000E+02   -0.2167475E+00
   0.4560000E+02   -0.1766602E+00
   0.4570000E+02   -0.1356788E+00
   0.4580000E+02   -0.9406120E-01
   0.4590000E+02   -0.5205789E-01
   0.4600000E+02   -0.9911664E-02
   0.4610000E+02    0.3213919E-01
   0.4620000E+02    0.7385704E-01
   0.4630000E+02    0.1150013E+00
   0.4640000E+02    0.1553261E+00
   0.4650000E+02    0.1945806E+00
   0.4660000E+02    0.2325120E+00
   0.4670000E+02    0.2688706E+00
   0.4680000E+02    0.3034163E+00
   0.4690000E+02    0.3359259E+00
   0.4700000E+02    0.3661979E+00
   0.4710000E+02    0.3940565E+00
   0.4720000E+02    0.4193513E+00
   0.4730000E+02    0.4419556E+00
   0.4740000E+02    0.4617621E+00
   0.4750000E+02    0.4786783E+00
   0.4760000E+02    0.4926224E+00
   0.4770000E+02    0.5035208E+00
   0.4780000E+02    0.5113087E+00
   0.4790000E+02    0.5159322E+00
   0.4800000E+02    0.5173534E+00
   0.4810000E+02    0.5155557E+00
   0.4820000E+02    0.5105486E+00
   0.4830000E+02    0.5023712E+00
   0.4840000E+02    0.4910924E+00
   0.4850000E+02    0.4768093E+00
   0.4860000E+02    0.4596422E+00
   0.4870000E+02    0.4397292E+00
   0.4880000E+02    0.4172198E+00
   0.4890000E+02    0.3922699E+00
   0.4900000E+02    0.3650398E+00
   0.4910000E+02    0.3356931E+00
   0.4920000E+02    0.3043992E+00
   0.4930000E+02    0.2713375E+00
   0.4940000E+02    0.2367007E+00
   0.4950000E+02    0.2006982E+00
   0.4960000E+02    0.1635576E+00
   0.4970000E+02    0.1255225E+00
   0.4980000E+02    0.8684902E-01
   0.4990000E+02    0.4779931E-01
   0.5000000E+02    0.8635035E-02
   0.5010000E+02   -0.3032782E-01
   0.5020000E+02   -0.6903002E-01
   0.5030000E+02   -0.1070584E+00
   0.5040000E+02   -0.1442583E+00
   0.5050000E+02   -0.1804245E+00
   0.5060000E+02   -0.2153589E+00
   0.5070000E+02   -0.2488664E+00
   0.5080000E+02   -0.2807525E+00
   0.5090000E+02   -0.3108234E+00
   0.5100000E+02   -0.3388875E+00
   0.5110000E+02   -0.3647607E+00
   0.5120000E+02   -0.3882713E+00
   0.5130000E+02   -0.4092672E+00
   0.5140000E+02   -0.4276201E+00
   0.5150000E+02   -0.4432286E+00
   0.5160000E+02   -0.4560185E+00
   0.5170000E+02   -0.4659407E+00
   0.5180000E+02   -0.4729666E+00
   0.5190000E+02   -0.4770836E+00
   0.5200000E+02   -0.4782900E+00
   0.5210000E+02   -0.4765928E+00
   0.5220000E+02   -0.4720067E+00
   0.5230000E+02   -0.4645558E+00
   0.5240000E+02   -0.4542780E+00
   0.5250000E+02   -0.4412288E+00
   0.5260000E+02   -0.4254863E+00
   0.5270000E+02   -0.4071537E+00
   0.5280000E+02   -0.3863599E+00
   0.5290000E+02   -0.3632573E+00
   0.5300000E+02   -0.3380174E+00
   0.5310000E+02   -0.3108250E+00
   0.5320000E+02   -0.2818719E+00
   0.5330000E+02   -0.2513520E+00
   0.5340000E+02   -0.2194582E+00
   0.5350000E+02   -0.1863816E+00
   0.5360000E+02   -0.1523132E+00
   0.5370000E+02   -0.1174469E+00
   0.5380000E+02   -0.8198378E-01
   0.5390000E+02   -0.4613441E-01
   0.5400000E+02   -0.1012051E-01
   0.5410000E+02    0.2582645E-01
   0.5420000E+02    0.6146878E-01
   0.5430000E+02    0.9656831E-01
   0.5440000E+02    0.1308923E+00
   0.5450000E+02    0.1642197E+00
   0.5460000E+02    0.1963457E+00
   0.5470000E+02    0.2270836E+00
   0.5480000E+02    0.2562643E+00
   0.5490000E+02    0.2837341E+00
   0.5500000E+02    0.3093508E+00
   0.5510000E+02    0.3329794E+00
   0.5520000E+02    0.3544899E+00
   0.5530000E+02    0.3737560E+00
   0.5540000E+02    0.3906568E+00
   0.5550000E+02    0.4050805E+00
   0.5560000E+02    0.4169295E+00
   0.5570000E+02    0.4261257E+00
   0.5580000E+02    0.4326154E+00
   0.5590000E+02    0.4363705E+00
   0.5600000E+02    0.4373901E+00
   0.5610000E+02    0.4356969E+00
   0.5620000E+02    0.4313334E+00
   0.5630000E+02    0.4243564E+00
   0.5640000E+02    0.4148333E+00
   0.5650000E+02    0.4028366E+00
   0.5660000E+02    0.3884447E+00
   0.5670000E+02    0.3717425E+00
   0.5680000E+02    0.3528246E+00
   0.5690000E+02    0.3317989E+00
   0.5700000E+02    0.3087908E+00
   0.5710000E+02    0.2839459E+00
   0.5720000E+02    0.2574298E+00
   0.5730000E+02    0.2294266E+00
   0.5740000E+02    0.2001341E+00
   0.5750000E+02    0.1697581E+00
   0.5760000E+02    0.1385067E+00
   0.5770000E+02    0.1065849E+00
   0.5780000E+02    0.7419196E-01
   0.5790000E+02    0.4151864E-01
   0.5800000E+02    0.8751720E-02
   0.5810000E+02   -0.2392583E-01
   0.5820000E+02   -0.5632999E-01
   0.5830000E+02   -0.8827284E-01
   0.5840000E+02   -0.1195613E+00
   0.5850000E+02   -0.1499980E+00
   0.5860000E+02   -0.1793842E+00
   0.5870000E+02   -0.2075251E+00
   0.5880000E+02   -0.2342355E+00
   0.5890000E+02   -0.2593446E+00
   0.5900000E+02   -0.2827017E+00
   0.5910000E+02   -0.3041764E+00
   0.5920000E+02   -0.3236587E+00
   0.5930000E+02   -0.3410741E+00
   0.5940000E+02   -0.3562910E+00
   0.5950000E+02   -0.3692935E+00
   0.5960000E+02   -0.3800017E+00
   0.5970000E+02   -0.3883581E+00
   0.5980000E+02   -0.3943119E+00
   0.5990000E+02   -0.3978208E+00
   0.6000000E+02   -0.3988568E+00
   0.6010000E+02   -0.3974098E+00
   0.6020000E+02   -0.3934921E+00
   0.6030000E+02   -0.3871402E+00
   0.6040000E+02   -0.3784144E+00
   0.6050000E+02   -0.3673962E+00
   0.6060000E+02   -0.3541841E+00
   0.6070000E+02   -0.3388878E+00
   0.6080000E+02   -0.3216235E+00
   0.6090000E+02   -0.3025105E+00
   0.6100000E+02   -0.2816695E+00
   0.6110000E+02   -0.2592238E+00
   0.6120000E+02   -0.2353015E+00
   0.6130000E+02   -0.2100396E+00
   0.6140000E+02   -0.1835875E+00
   0.6150000E+02   -0.1561091E+00
   0.6160000E+02   -0.1277830E+00
   0.6170000E+02   -0.9880065E-01
   0.6180000E+02   -0.6936024E-01
   0.6190000E+02   -0.3966919E-01
   0.6200000E+02   -0.9922282E-02
   0.6210000E+02    0.1968721E-01
   0.6220000E+02    0.4897866E-01
   0.6230000E+02    0.7778322E-01
   0.6240000E+02    0.1059422E+00
   0.6250000E+02    0.1333046E+00
   0.6260000E+02    0.1597222E+00
   0.6270000E+02    0.1850475E+00
   0.6280000E+02    0.2091317E+00
   0.6290000E+02    0.2318252E+00
   0.6300000E+02    0.2529805E+00
   0.6310000E+02    0.2724569E+00
   0.6320000E+02    0.2901256E+00
   0.6330000E+02    0.3058749E+00
   0.6340000E+02    0.3196141E+00
   0.6350000E+02    0.3312745E+00
   0.6360000E+02    0.3408088E+00
   0.6370000E+02    0.3481878E+00
   0.6380000E+02    0.3533963E+00
   0.6390000E+02    0.3564284E+00
   0.6400000E+02    0.3572841E+00
   0.6410000E+02    0.3559678E+00
   0.6420000E+02    0.3524883E+00
   0.6430000E+02    0.3468622E+00
   0.6440000E+02    0.3391174E+00
   0.6450000E+02    0.3292977E+00
   0.6460000E+02    0.3174661E+00
   0.6470000E+02    0.3037068E+00
   0.6480000E+02    0.2881220E+00
   0.6490000E+02    0.2708417E+00
   0.6500000E+02    0.2519932E+00
   0.6510000E+02    0.2317212E+00
   0.6520000E+02    0.2101703E+00
   0.6530000E+02    0.1874838E+00
   0.6540000E+02    0.1638009E+00
   0.6550000E+02    0.1392598E+00
   0.6560000E+02    0.1139981E+00
   0.6570000E+02    0.8815802E-01
   0.6580000E+02    0.6188883E-01
   0.6590000E+02    0.3534994E-01
   0.6600000E+02    0.8710813E-02
   0.6610000E+02   -0.1785112E-01
   0.6620000E+02   -0.4415459E-01
   0.6630000E+02   -0.7002002E-01
   0.6640000E+02   -0.9527531E-01
   0.6650000E+02   -0.1197605E+00
   0.6660000E+02   -0.1433308E+00
   0.6670000E+02   -0.1658566E+00
   0.6680000E+02   -0.1872224E+00
   0.6690000E+02   -0.2073225E+00
   0.6700000E+02   -0.2260575E+00
   0.6710000E+02   -0.2433303E+00
   0.6720000E+02   -0.2590446E+00
   0.6730000E+02   -0.2731047E+00
   0.6740000E+02   -0.2854183E+00
   0.6750000E+02   -0.2959009E+00
   0.6760000E+02   -0.3044809E+00
   0.6770000E+02   -0.3111033E+00
   0.6780000E+02   -0.3157389E+00
   0.6790000E+02   -0.3183721E+00
   0.6800000E+02   -0.3190159E+00
   0.6810000E+02   -0.3176969E+00
   0.6820000E+02   -0.3144546E+00
   0.6830000E+02   -0.3093023E+00
   0.6840000E+02   -0.3023915E+00
   0.6850000E+02   -0.2936725E+00
   0.6860000E+02   -0.2832322E+00
   0.6870000E+02   -0.2711282E+00
   0.6880000E+02   -0.2574259E+00
   0.6890000E+02   -0.2422035E+00
   0.6900000E+02   -0.2255553E+00
   0.6910000E+02   -0.2075930E+00
   0.6920000E+02   -0.1884455E+00
   0.6930000E+02   -0.1682552E+00
   0.6940000E+02   -0.1471733E+00
   0.6950000E+02   -0.1253546E+00
   0.6960000E+02   -0.1029497E+00
   0.6970000E+02   -0.8010420E-01
   0.6980000E+02   -0.5695478E-01
   0.6990000E+02   -0.3363163E-01
   0.7000000E+02   -0.1026024E-01
   0.7010000E+02    0.1303405E-01
   0.7020000E+02    0.3612225E-01
   0.7030000E+02    0.5886894E-01
   0.7040000E+02    0.8113187E-01
   0.7050000E+02    0.1027637E+00
   0.7060000E+02    0.1236164E+00
   0.7070000E+02    0.1435465E+00
   0.7080000E+02    0.1624209E+00
   0.7090000E+02    0.1801218E+00
   0.7100000E+02    0.1965493E+00
   0.7110000E+02    0.2116216E+00
   0.7120000E+02    0.2252728E+00
   0.7130000E+02    0.2374489E+00
   0.7140000E+02    0.2481030E+00
   0.7150000E+02    0.2571909E+00
   0.7160000E+02    0.2646691E+00
   0.7170000E+02    0.2704944E+00
   0.7180000E+02    0.2746259E+00
   0.7190000E+02    0.2770297E+00
   0.7200000E+02    0.2776838E+00
   0.7210000E+02    0.2765830E+00
   0.7220000E+02    0.2737421E+00
   0.7230000E+02    0.2691968E+00
   0.7240000E+02    0.2630022E+00
   0.7250000E+02    0.2552283E+00
   0.7260000E+02    0.2459552E+00
   0.7270000E+02    0.2352670E+00
   0.7280000E+02    0.2232475E+00
   0.7290000E+02    0.2099779E+00
   0.7300000E+02    0.1955368E+00
   0.7310000E+02    0.1800028E+00
   0.7320000E+02    0.1634587E+00
   0.7330000E+02    0.1459964E+00
   0.7340000E+02    0.1277200E+00
   0.7350000E+02    0.1087484E+00
   0.7360000E+02    0.8921405E-01
   0.7370000E+02    0.6925992E-01
   0.7380000E+02    0.4903398E-01
   0.7390000E+02    0.2868311E-01
   0.7400000E+02    0.8347287E-02
   0.7410000E+02   -0.1184444E-01
   0.7420000E+02   -0.3177564E-01
   0.7430000E+02   -0.5134133E-01
   0.7440000E+02   -0.7044473E-01
   0.7450000E+02   -0.8899255E-01
   0.7460000E+02   -0.1068904E+00
   0.7470000E+02   -0.1240396E+00
   0.7480000E+02   -0.1403359E+00
   0.7490000E+02   -0.1556715E+00
   0.7500000E+02   -0.1699389E+00
   0.7510000E+02   -0.1830363E+00
   0.7520000E+02   -0.1948743E+00
   0.7530000E+02   -0.2053798E+00
   0.7540000E+02   -0.2145006E+00
   0.7550000E+02   -0.2222003E+00
   0.7560000E+02   -0.2284648E+00
   0.7570000E+02   -0.2332883E+00
   0.7580000E+02   -0.2366729E+00
   0.7590000E+02   -0.2386223E+00
   0.7600000E+02   -0.2391384E+00
   0.7610000E+02   -0.2382214E+00
   0.7620000E+02   -0.2358714E+00
   0.7630000E+02   -0.2320925E+00
   0.7640000E+02   -0.2268988E+00
   0.7650000E+02   -0.2203190E+00
   0.7660000E+02   -0.2123994E+00
   0.7670000E+02   -0.2032075E+00
   0.7680000E+02   -0.1928254E+00
   0.7690000E+02   -0.1813496E+00
   0.7700000E+02   -0.1688832E+00
   0.7710000E+02   -0.1555297E+00
   0.7720000E+02   -0.1413883E+00
   0.7730000E+02   -0.1265508E+00
   0.7740000E+02   -0.1111019E+00
   0.7750000E+02   -0.9512174E-01
   0.7760000E+02   -0.7869060E-01
   0.7770000E+02   -0.6189412E-01
   0.7780000E+02   -0.4482760E-01
   0.7790000E+02   -0.2759805E-01
   0.7800000E+02   -0.1032490E-01
   0.7810000E+02    0.6865792E-02
   0.7820000E+02    0.2384451E-01
   0.7830000E+02    0.4048608E-01
   0.7840000E+02    0.5667559E-01
   0.7850000E+02    0.7231277E-01
   0.7860000E+02    0.8731347E-01
   0.7870000E+02    0.1016084E+00
   0.7880000E+02    0.1151391E+00
   0.7890000E+02    0.1278525E+00
   0.7900000E+02    0.1396955E+00
   0.7910000E+02    0.1506108E+00
   0.7920000E+02    0.1605354E+00
   0.7930000E+02    0.1694018E+00
   0.7940000E+02    0.1771426E+00
   0.7950000E+02    0.1836961E+00
   0.7960000E+02    0.1890126E+00
   0.7970000E+02    0.1930600E+00
   0.7980000E+02    0.1958262E+00
   0.7990000E+02    0.1973197E+00
   0.8000000E+02    0.1975650E+00
   0.8010000E+02    0.1965984E+00
   0.8020000E+02    0.1944609E+00
   0.8030000E+02    0.1911923E+00
   0.8040000E+02    0.1868272E+00
   0.8050000E+02    0.1813944E+00
   0.8060000E+02    0.1749186E+00
   0.8070000E+02    0.1674254E+00
   0.8080000E+02    0.1589469E+00
   0.8090000E+02    0.1495280E+00
   0.8100000E+02    0.1392300E+00
   0.8110000E+02    0.1281319E+00
   0.8120000E+02    0.1163286E+00
   0.8130000E+02    0.1039256E+00
   0.8140000E+02    0.9103234E-01
   0.8150000E+02    0.7775508E-01
   0.8160000E+02    0.6419094E-01
   0.8170000E+02    0.5042556E-01
   0.8180000E+02    0.3653121E-01
   0.8190000E+02    0.2257204E-01
   0.8200000E+02    0.8608454E-02
   0.8210000E+02   -0.5296401E-02
   0.8220000E+02   -0.1907126E-01
   0.8230000E+02   -0.3263367E-01
   0.8240000E+02   -0.4589015E-01
   0.8250000E+02   -0.5873963E-01
   0.8260000E+02   -0.7107962E-01
   0.8270000E+02   -0.8281343E-01
   0.8280000E+02   -0.9385718E-01
   0.8290000E+02   -0.1041446E+00
   0.8300000E+02   -0.1136289E+00
   0.8310000E+02   -0.1222806E+00
   0.8320000E+02   -0.1300832E+00
   0.8330000E+02   -0.1370259E+00
   0.8340000E+02   -0.1430974E+00
   0.8350000E+02   -0.1482801E+00
   0.8360000E+02   -0.1525482E+00
   0.8370000E+02   -0.1558686E+00
   0.8380000E+02   -0.1582054E+00
   0.8390000E+02   -0.1595270E+00
   0.8400000E+02   -0.1598127E+00
   0.8410000E+02   -0.1590598E+00
   0.8420000E+02   -0.1572859E+00
   0.8430000E+02   -0.1545294E+00
   0.8440000E+02   -0.1508455E+00
   0.8450000E+02   -0.1462990E+00
   0.8460000E+02   -0.1409574E+00
   0.8470000E+02   -0.1348822E+00
   0.8480000E+02   -0.1281258E+00
   0.8490000E+02   -0.1207282E+00
   0.8500000E+02   -0.1127206E+00
   0.8510000E+02   -0.1041302E+00
   0.8520000E+02   -0.9498855E-01
   0.8530000E+02   -0.8533638E-01
   0.8540000E+02   -0.7523249E-01
   0.8550000E+02   -0.6475224E-01
   0.8560000E+02   -0.5398706E-01
   0.8570000E+02   -0.4303834E-01
   0.8580000E+02   -0.3200858E-01
   0.8590000E+02   -0.2099712E-01
   0.8600000E+02   -0.1008421E-01
   0.8610000E+02    0.6641134E-03
   0.8620000E+02    0.1120041E-01
   0.8630000E+02    0.2149098E-01
   0.8640000E+02    0.3150882E-01
   0.8650000E+02    0.4122561E-01
   0.8660000E+02    0.5060433E-01
   0.8670000E+02    0.5959484E-01
   0.8680000E+02    0.6813326E-01
   0.8690000E+02    0.7614645E-01
   0.8700000E+02    0.8355625E-01
   0.8710000E+02    0.9029311E-01
   0.8720000E+02    0.9630041E-01
   0.8730000E+02    0.1015427E+00
   0.8740000E+02    0.1060076E+00
   0.8750000E+02    0.1097037E+00
   0.8760000E+02    0.1126543E+00
   0.8770000E+02    0.1148893E+00
   0.8780000E+02    0.1164349E+00
   0.8790000E+02    0.1173076E+00
   0.8800000E+02    0.1175099E+00
   0.8810000E+02    0.1170307E+00
   0.8820000E+02    0.1158511E+00
   0.8830000E+02    0.1139520E+00
   0.8840000E+02    0.1113241E+00
   0.8850000E+02    0.1079755E+00
   0.8860000E+02    0.1039370E+00
   0.8870000E+02    0.9926221E-01
   0.8880000E+02    0.9402339E-01
   0.8890000E+02    0.8830288E-01
   0.8900000E+02    0.8218304E-01
   0.8910000E+02    0.7573648E-01
   0.8920000E+02    0.6901904E-01
   0.8930000E+02    0.6206762E-01
   0.8940000E+02    0.5490078E-01
   0.8950000E+02    0.4752936E-01
   0.8960000E+02    0.3996229E-01
   0.8970000E+02    0.3221904E-01
   0.8980000E+02    0.2433570E-01
   0.8990000E+02    0.1636993E-01
   0.9000000E+02    0.8398698E-02
   0.9010000E+02    0.5117709E-03
   0.9020000E+02   -0.7198368E-02
   0.9030000E+02   -0.1464785E-01
   0.9040000E+02   -0.2177168E-01
   0.9050000E+02   -0.2852761E-01
   0.9060000E+02   -0.3490109E-01
   0.9070000E+02   -0.4089623E-01
   0.9080000E+02   -0.4652881E-01
   0.9090000E+02   -0.5181416E-01
   0.9100000E+02   -0.5675710E-01
   0.9110000E+02   -0.6134373E-01
   0.9120000E+02   -0.6553942E-01
   0.9130000E+02   -0.6929225E-01
   0.9140000E+02   -0.7254156E-01
   0.9150000E+02   -0.7522965E-01
   0.9160000E+02   -0.7731389E-01
   0.9170000E+02   -0.7877605E-01
   0.9180000E+02   -0.7962696E-01
   0.9190000E+02   -0.7990474E-01
   0.9200000E+02   -0.7966739E-01
   0.9210000E+02   -0.7898114E-01
   0.9220000E+02   -0.7790717E-01
   0.9230000E+02   -0.7649043E-01
   0.9240000E+02   -0.7475235E-01
   0.9250000E+02   -0.7269008E-01
   0.9260000E+02   -0.7028216E-01
   0.9270000E+02   -0.6749919E-01
   0.9280000E+02   -0.6431777E-01
   0.9290000E+02   -0.6073048E-01
   0.9300000E+02   -0.5676029E-01
   0.9310000E+02   -0.5245791E-01
   0.9320000E+02   -0.4790044E-01
   0.9330000E+02   -0.4318053E-01
   0.9340000E+02   -0.3839228E-01
   0.9350000E+02   -0.3361666E-01
   0.9360000E+02   -0.2890957E-01
   0.9370000E+02   -0.2429585E-01
   0.9380000E+02   -0.1977060E-01
   0.9390000E+02   -0.1530734E-01
   0.9400000E+02   -0.1087154E-01
   0.9410000E+02   -0.6435973E-02
   0.9420000E+02   -0.1994393E-02
   0.9430000E+02    0.2429931E-02
   0.9440000E+02    0.6783058E-02
   0.9450000E+02    0.1098695E-01
   0.9460000E+02    0.1495252E-01
   0.9470000E+02    0.1859596E-01
   0.9480000E+02    0.2185557E-01
   0.9490000E+02    0.2470204E-01
   0.9500000E+02    0.2714454E-01
   0.9510000E+02    0.2922617E-01
   0.9520000E+02    0.3101252E-01
   0.9530000E+02    0.3257502E-01
   0.9540000E+02    0.3397304E-01
   0.9550000E+02    0.3523898E-01
   0.9560000E+02    0.3637002E-01
   0.9570000E+02    0.3732861E-01
   0.9580000E+02    0.3805180E-01
   0.9590000E+02    0.3846735E-01
   0.9600000E+02    0.3851292E-01
   0.9610000E+02    0.3815833E-01
   0.9620000E+02    0.3739487E-01
   0.9630000E+02    0.3628382E-01
   0.9640000E+02    0.3490452E-01
   0.9650000E+02    0.3336188E-01
   0.9660000E+02    0.3176151E-01
   0.9670000E+02    0.3018898E-01
   0.9680000E+02    0.2869312E-01
   0.9690000E+02    0.2727808E-01
   0.9700000E+02    0.2590544E-01
   0.9710000E+02    0.2450670E-01
   0.9720000E+02    0.2300310E-01
   0.9730000E+02    0.2132839E-01
   0.9740000E+02    0.1944916E-01
   0.9750000E+02    0.1737795E-01
   0.9760000E+02    0.1517570E-01
   0.9770000E+02    0.1294272E-01
   0.9780000E+02    0.1079772E-01
   0.9790000E+02    0.8864727E-02
   0.9800000E+02    0.7225837E-02
   0.9810000E+02    0.5924944E-02
   0.9820000E+02    0.4947365E-02
   0.9830000E+02    0.4226141E-02
   0.9840000E+02    0.3656303E-02
   0.9850000E+02    0.3120519E-02
   0.9860000E+02    0.2515258E-02
   0.9870000E+02    0.1776391E-02
   0.9880000E+02    0.8948286E-03
   0.9890000E+02   -0.7947651E-04
   0.9900000E+02   -0.1047942E-02
   0.9910000E+02   -0.1884552E-02
   0.9920000E+02   -0.2464980E-02
   0.9930000E+02   -0.2695446E-02
   0.9940000E+02   -0.2537543E-02
   0.9950000E+02   -0.2019767E-02
   0.9960000E+02   -0.1235764E-02
   0.9970000E+02   -0.3285460E-03
   0.9980000E+02    0.5368019E-03
   0.9990000E+02    0.1205432E-02
   0.1000000E+03    0.1563501E-02
