   0.0000000E+00    0.1000000E+01
   0.1000000E+01    0.7137361E+00
   0.2000000E+01    0.9569062E-02
   0.3000000E+01   -0.7000435E+00
   0.4000000E+01   -0.9995869E+00
   0.5000000E+01   -0.7137584E+00
   0.6000000E+01   -0.1007613E-01
   0.7000000E+01    0.6992900E+00
   0.8000000E+01    0.9989524E+00
   0.9000000E+01    0.7135345E+00
   0.1000000E+02    0.1030937E-01
   0.1100000E+02   -0.6988244E+00
   0.1200000E+02   -0.9986615E+00
   0.1300000E+02   -0.7137584E+00
   0.1400000E+02   -0.1110824E-01
   0.1500000E+02    0.6977305E+00
   0.1600000E+02    0.9977076E+00
   0.1700000E+02    0.7132945E+00
   0.1800000E+02    0.1119239E-01
   0.1900000E+02   -0.6973674E+00
   0.2000000E+02   -0.9975533E+00
   0.2100000E+02   -0.7137584E+00
   0.2200000E+02   -0.1234938E-01
   0.2300000E+02    0.6958511E+00
   0.2400000E+02    0.9962041E+00
   0.2500000E+02    0.7130040E+00
   0.2600000E+02    0.1226379E-01
   0.2700000E+02   -0.6955954E+00
   0.2800000E+02   -0.9962022E+00
   0.2900000E+02   -0.7137584E+00
   0.3000000E+02   -0.1387022E-01
   0.3100000E+02    0.6935422E+00
   0.3200000E+02    0.9943520E+00
   0.3300000E+02    0.7126451E+00
   0.3400000E+02    0.1359104E-01
   0.3500000E+02   -0.6933939E+00
   0.3600000E+02   -0.9945184E+00
   0.3700000E+02   -0.7137584E+00
   0.3800000E+02   -0.1577730E-01
   0.3900000E+02    0.6906373E+00
   0.4000000E+02    0.9920141E+00
   0.4100000E+02    0.7121906E+00
   0.4200000E+02    0.1527823E-01
   0.4300000E+02   -0.6905850E+00
   0.4400000E+02   -0.9923621E+00
   0.4500000E+02   -0.7137584E+00
   0.4600000E+02   -0.1823917E-01
   0.4700000E+02    0.6868718E+00
   0.4800000E+02    0.9889704E+00
   0.4900000E+02    0.7115961E+00
   0.5000000E+02    0.1749473E-01
   0.5100000E+02   -0.6868772E+00
   0.5200000E+02   -0.9895016E+00
   0.5300000E+02   -0.7137584E+00
   0.5400000E+02   -0.2153912E-01
   0.5500000E+02    0.6817966E+00
   0.5600000E+02    0.9848445E+00
   0.5700000E+02    0.7107855E+00
   0.5800000E+02    0.2053597E-01
   0.5900000E+02   -0.6817570E+00
   0.6000000E+02   -0.9855249E+00
   0.6100000E+02   -0.7137584E+00
   0.6200000E+02   -0.2619290E-01
   0.6300000E+02    0.6745844E+00
   0.6400000E+02    0.9789344E+00
   0.6500000E+02    0.7096146E+00
   0.6600000E+02    0.2496750E-01
   0.6700000E+02   -0.6742273E+00
   0.6800000E+02   -0.9796201E+00
   0.6900000E+02   -0.7137584E+00
   0.7000000E+02   -0.3324862E-01
   0.7100000E+02    0.6635257E+00
   0.7200000E+02    0.9697636E+00
   0.7300000E+02    0.7077747E+00
   0.7400000E+02    0.3202512E-01
   0.7500000E+02   -0.6620639E+00
   0.7600000E+02   -0.9699362E+00
   0.7700000E+02   -0.7137584E+00
   0.7800000E+02   -0.4521268E-01
   0.7900000E+02    0.6444244E+00
   0.8000000E+02    0.9536056E+00
   0.8100000E+02    0.7044628E+00
   0.8200000E+02    0.4502599E-01
   0.8300000E+02   -0.6390885E+00
   0.8400000E+02   -0.9511379E+00
   0.8500000E+02   -0.7137584E+00
   0.8600000E+02   -0.6993840E-01
   0.8700000E+02    0.6034929E+00
   0.8800000E+02    0.9175607E+00
   0.8900000E+02    0.6967350E+00
   0.9000000E+02    0.7693723E-01
   0.9100000E+02   -0.5793527E+00
   0.9200000E+02   -0.8989207E+00
   0.9300000E+02   -0.7137584E+00
   0.9400000E+02   -0.1511800E+00
   0.9500000E+02    0.4534108E+00
   0.9600000E+02    0.7661722E+00
   0.9700000E+02    0.6580960E+00
   0.9800000E+02    0.2790417E+00
   0.9900000E+02   -0.4172997E-01
   0.1000000E+03   -0.1122722E-01
