   0.0000000E+00    0.1000000E+01
   0.1000000E+00    0.9975624E+00
   0.2000000E+00    0.9883458E+00
   0.3000000E+00    0.9725851E+00
   0.4000000E+00    0.9506402E+00
   0.5000000E+00    0.9229383E+00
   0.6000000E+00    0.8899095E+00
   0.7000000E+00    0.8519313E+00
   0.8000000E+00    0.8092923E+00
   0.9000000E+00    0.7621827E+00
   0.1000000E+01    0.7107123E+00
   0.1100000E+01    0.6549522E+00
   0.1200000E+01    0.5949893E+00
   0.1300000E+01    0.5309820E+00
   0.1400000E+01    0.4632036E+00
   0.1500000E+01    0.3920644E+00
   0.1600000E+01    0.3181072E+00
   0.1700000E+01    0.2419780E+00
   0.1800000E+01    0.1643763E+00
   0.1900000E+01    0.8599979E-01
   0.2000000E+01    0.7490625E-02
   0.2100000E+01   -0.7060171E-01
   0.2200000E+01   -0.1478358E+00
   0.2300000E+01   -0.2238690E+00
   0.2400000E+01   -0.2984268E+00
   0.2500000E+01   -0.3712589E+00
   0.2600000E+01   -0.4420934E+00
   0.2700000E+01   -0.5105990E+00
   0.2800000E+01   -0.5763653E+00
   0.2900000E+01   -0.6389056E+00
   0.3000000E+01   -0.6976804E+00
   0.3100000E+01   -0.7521382E+00
   0.3200000E+01   -0.8017633E+00
   0.3300000E+01   -0.8461192E+00
   0.3400000E+01   -0.8848808E+00
   0.3500000E+01   -0.9178456E+00
   0.3600000E+01   -0.9449246E+00
   0.3700000E+01   -0.9661146E+00
   0.3800000E+01   -0.9814592E+00
   0.3900000E+01   -0.9910085E+00
   0.4000000E+01   -0.9947856E+00
   0.4100000E+01   -0.9927695E+00
   0.4200000E+01   -0.9848964E+00
   0.4300000E+01   -0.9710800E+00
   0.4400000E+01   -0.9512442E+00
   0.4500000E+01   -0.9253622E+00
   0.4600000E+01   -0.8934905E+00
   0.4700000E+01   -0.8557921E+00
   0.4800000E+01   -0.8125412E+00
   0.4900000E+01   -0.7641102E+00
   0.5000000E+01   -0.7109416E+00
   0.5100000E+01   -0.6535109E+00
   0.5200000E+01   -0.5922886E+00
   0.5300000E+01   -0.5277113E+00
   0.5400000E+01   -0.4601661E+00
   0.5500000E+01   -0.3899926E+00
   0.5600000E+01   -0.3174995E+00
   0.5700000E+01   -0.2429936E+00
   0.5800000E+01   -0.1668104E+00
   0.5900000E+01   -0.8934088E-01
   0.6000000E+01   -0.1104705E-01
   0.6100000E+01    0.6753908E-01
   0.6200000E+01    0.1458312E+00
   0.6300000E+01    0.2232176E+00
   0.6400000E+01    0.2990955E+00
   0.6500000E+01    0.3729049E+00
   0.6600000E+01    0.4441525E+00
   0.6700000E+01    0.5124233E+00
   0.6800000E+01    0.5773760E+00
   0.6900000E+01    0.6387256E+00
   0.7000000E+01    0.6962172E+00
   0.7100000E+01    0.7495983E+00
   0.7200000E+01    0.7985967E+00
   0.7300000E+01    0.8429096E+00
   0.7400000E+01    0.8822069E+00
   0.7500000E+01    0.9161472E+00
   0.7600000E+01    0.9444045E+00
   0.7700000E+01    0.9666982E+00
   0.7800000E+01    0.9828197E+00
   0.7900000E+01    0.9926499E+00
   0.8000000E+01    0.9961643E+00
   0.8100000E+01    0.9934230E+00
   0.8200000E+01    0.9845511E+00
   0.8300000E+01    0.9697110E+00
   0.8400000E+01    0.9490764E+00
   0.8500000E+01    0.9228121E+00
   0.8600000E+01    0.8910648E+00
   0.8700000E+01    0.8539663E+00
   0.8800000E+01    0.8116492E+00
   0.8900000E+01    0.7642689E+00
   0.9000000E+01    0.7120283E+00
   0.9100000E+01    0.6551972E+00
   0.9200000E+01    0.5941227E+00
   0.9300000E+01    0.5292271E+00
   0.9400000E+01    0.4609936E+00
   0.9500000E+01    0.3899431E+00
   0.9600000E+01    0.3166069E+00
   0.9700000E+01    0.2415011E+00
   0.9800000E+01    0.1651088E+00
   0.9900000E+01    0.8787304E-01
   0.1000000E+02    0.1020114E-01
   0.1010000E+02   -0.6752069E-01
   0.1020000E+02   -0.1449074E+00
   0.1030000E+02   -0.2215548E+00
   0.1040000E+02   -0.2970255E+00
   0.1050000E+02   -0.3708431E+00
   0.1060000E+02   -0.4424992E+00
   0.1070000E+02   -0.5114659E+00
   0.1080000E+02   -0.5772361E+00
   0.1090000E+02   -0.6393159E+00
   0.1100000E+02   -0.6972790E+00
   0.1110000E+02   -0.7507638E+00
   0.1120000E+02   -0.7994795E+00
   0.1130000E+02   -0.8431980E+00
   0.1140000E+02   -0.8817377E+00
   0.1150000E+02   -0.9149433E+00
   0.1160000E+02   -0.9426674E+00
   0.1170000E+02   -0.9647581E+00
   0.1180000E+02   -0.9810552E+00
   0.1190000E+02   -0.9913990E+00
   0.1200000E+02   -0.9956439E+00
   0.1210000E+02   -0.9936809E+00
   0.1220000E+02   -0.9854575E+00
   0.1230000E+02   -0.9709933E+00
   0.1240000E+02   -0.9503872E+00
   0.1250000E+02   -0.9238137E+00
   0.1260000E+02   -0.8915104E+00
   0.1270000E+02   -0.8537585E+00
   0.1280000E+02   -0.8108611E+00
   0.1290000E+02   -0.7631250E+00
   0.1300000E+02   -0.7108484E+00
   0.1310000E+02   -0.6543193E+00
   0.1320000E+02   -0.5938217E+00
   0.1330000E+02   -0.5296501E+00
   0.1340000E+02   -0.4621265E+00
   0.1350000E+02   -0.3916160E+00
   0.1360000E+02   -0.3185366E+00
   0.1370000E+02   -0.2433606E+00
   0.1380000E+02   -0.1666055E+00
   0.1390000E+02   -0.8881790E-01
   0.1400000E+02   -0.1055216E-01
   0.1410000E+02    0.6765101E-01
   0.1420000E+02    0.1452817E+00
   0.1430000E+02    0.2218704E+00
   0.1440000E+02    0.2969882E+00
   0.1450000E+02    0.3702391E+00
   0.1460000E+02    0.4412458E+00
   0.1470000E+02    0.5096341E+00
   0.1480000E+02    0.5750205E+00
   0.1490000E+02    0.6370053E+00
   0.1500000E+02    0.6951746E+00
   0.1510000E+02    0.7491114E+00
   0.1520000E+02    0.7984118E+00
   0.1530000E+02    0.8427053E+00
   0.1540000E+02    0.8816730E+00
   0.1550000E+02    0.9150603E+00
   0.1560000E+02    0.9426819E+00
   0.1570000E+02    0.9644175E+00
   0.1580000E+02    0.9802005E+00
   0.1590000E+02    0.9900020E+00
   0.1600000E+02    0.9938144E+00
   0.1610000E+02    0.9916393E+00
   0.1620000E+02    0.9834813E+00
   0.1630000E+02    0.9693506E+00
   0.1640000E+02    0.9492732E+00
   0.1650000E+02    0.9233052E+00
   0.1660000E+02    0.8915492E+00
   0.1670000E+02    0.8541672E+00
   0.1680000E+02    0.8113878E+00
   0.1690000E+02    0.7635048E+00
   0.1700000E+02    0.7108680E+00
   0.1710000E+02    0.6538675E+00
   0.1720000E+02    0.5929158E+00
   0.1730000E+02    0.5284301E+00
   0.1740000E+02    0.4608201E+00
   0.1750000E+02    0.3904830E+00
   0.1760000E+02    0.3178057E+00
   0.1770000E+02    0.2431740E+00
   0.1780000E+02    0.1669857E+00
   0.1790000E+02    0.8966257E-01
   0.1800000E+02    0.1165976E-01
   0.1810000E+02   -0.6653237E-01
   0.1820000E+02   -0.1443937E+00
   0.1830000E+02   -0.2213869E+00
   0.1840000E+02   -0.2969751E+00
   0.1850000E+02   -0.3706399E+00
   0.1860000E+02   -0.4418974E+00
   0.1870000E+02   -0.5103084E+00
   0.1880000E+02   -0.5754806E+00
   0.1890000E+02   -0.6370642E+00
   0.1900000E+02   -0.6947411E+00
   0.1910000E+02   -0.7482119E+00
   0.1920000E+02   -0.7971848E+00
   0.1930000E+02   -0.8413678E+00
   0.1940000E+02   -0.8804690E+00
   0.1950000E+02   -0.9142026E+00
   0.1960000E+02   -0.9423025E+00
   0.1970000E+02   -0.9645374E+00
   0.1980000E+02   -0.9807269E+00
   0.1990000E+02   -0.9907527E+00
   0.2000000E+02   -0.9945636E+00
   0.2010000E+02   -0.9921736E+00
   0.2020000E+02   -0.9836520E+00
   0.2030000E+02   -0.9691104E+00
   0.2040000E+02   -0.9486872E+00
   0.2050000E+02   -0.9225354E+00
   0.2060000E+02   -0.8908152E+00
   0.2070000E+02   -0.8536936E+00
   0.2080000E+02   -0.8113502E+00
   0.2090000E+02   -0.7639884E+00
   0.2100000E+02   -0.7118480E+00
   0.2110000E+02   -0.6552163E+00
   0.2120000E+02   -0.5944348E+00
   0.2130000E+02   -0.5298980E+00
   0.2140000E+02   -0.4620469E+00
   0.2150000E+02   -0.3913561E+00
   0.2160000E+02   -0.3183149E+00
   0.2170000E+02   -0.2434842E+00
   0.2180000E+02   -0.1671320E+00
   0.2190000E+02   -0.8992734E-01
   0.2200000E+02   -0.1223994E-01
   0.2210000E+02    0.6550330E-01
   0.2220000E+02    0.1428785E+00
   0.2230000E+02    0.2194540E+00
   0.2240000E+02    0.2947143E+00
   0.2250000E+02    0.3683957E+00
   0.2260000E+02    0.4398132E+00
   0.2270000E+02    0.5085471E+00
   0.2280000E+02    0.5741193E+00
   0.2290000E+02    0.6360768E+00
   0.2300000E+02    0.6940070E+00
   0.2310000E+02    0.7475471E+00
   0.2320000E+02    0.7963876E+00
   0.2330000E+02    0.8402695E+00
   0.2340000E+02    0.8789754E+00
   0.2350000E+02    0.9123181E+00
   0.2360000E+02    0.9401292E+00
   0.2370000E+02    0.9622516E+00
   0.2380000E+02    0.9785368E+00
   0.2390000E+02    0.9888492E+00
   0.2400000E+02    0.9930756E+00
   0.2410000E+02    0.9911380E+00
   0.2420000E+02    0.9830064E+00
   0.2430000E+02    0.9687100E+00
   0.2440000E+02    0.9483410E+00
   0.2450000E+02    0.9220537E+00
   0.2460000E+02    0.8900563E+00
   0.2470000E+02    0.8525975E+00
   0.2480000E+02    0.8099523E+00
   0.2490000E+02    0.7624220E+00
   0.2500000E+02    0.7102919E+00
   0.2510000E+02    0.6538666E+00
   0.2520000E+02    0.5934529E+00
   0.2530000E+02    0.5293723E+00
   0.2540000E+02    0.4619717E+00
   0.2550000E+02    0.3916319E+00
   0.2560000E+02    0.3187753E+00
   0.2570000E+02    0.2438643E+00
   0.2580000E+02    0.1673960E+00
   0.2590000E+02    0.8989014E-01
   0.2600000E+02    0.1187455E-01
   0.2610000E+02   -0.6613066E-01
   0.2620000E+02   -0.1436256E+00
   0.2630000E+02   -0.2201383E+00
   0.2640000E+02   -0.2952257E+00
   0.2650000E+02   -0.3684705E+00
   0.2660000E+02   -0.4394718E+00
   0.2670000E+02   -0.5078355E+00
   0.2680000E+02   -0.5731665E+00
   0.2690000E+02   -0.6350649E+00
   0.2700000E+02   -0.6931278E+00
   0.2710000E+02   -0.7469572E+00
   0.2720000E+02   -0.7961724E+00
   0.2730000E+02   -0.8404241E+00
   0.2740000E+02   -0.8794077E+00
   0.2750000E+02   -0.9128732E+00
   0.2760000E+02   -0.9406286E+00
   0.2770000E+02   -0.9625380E+00
   0.2780000E+02   -0.9785136E+00
   0.2790000E+02   -0.9885051E+00
   0.2800000E+02   -0.9924880E+00
   0.2810000E+02   -0.9904554E+00
   0.2820000E+02   -0.9824136E+00
   0.2830000E+02   -0.9683836E+00
   0.2840000E+02   -0.9484086E+00
   0.2850000E+02   -0.9225636E+00
   0.2860000E+02   -0.8909673E+00
   0.2870000E+02   -0.8537909E+00
   0.2880000E+02   -0.8112627E+00
   0.2890000E+02   -0.7636670E+00
   0.2900000E+02   -0.7113371E+00
   0.2910000E+02   -0.6546429E+00
   0.2920000E+02   -0.5939780E+00
   0.2930000E+02   -0.5297457E+00
   0.2940000E+02   -0.4623504E+00
   0.2950000E+02   -0.3921925E+00
   0.2960000E+02   -0.3196700E+00
   0.2970000E+02   -0.2451841E+00
   0.2980000E+02   -0.1691486E+00
   0.2990000E+02   -0.9199745E-01
   0.3000000E+02   -0.1419117E-01
   0.3010000E+02    0.6378278E-01
   0.3020000E+02    0.1414149E+00
   0.3030000E+02    0.2181841E+00
   0.3040000E+02    0.2935707E+00
   0.3050000E+02    0.3670720E+00
   0.3060000E+02    0.4382134E+00
   0.3070000E+02    0.5065575E+00
   0.3080000E+02    0.5717061E+00
   0.3090000E+02    0.6332970E+00
   0.3100000E+02    0.6909969E+00
   0.3110000E+02    0.7444920E+00
   0.3120000E+02    0.7934802E+00
   0.3130000E+02    0.8376661E+00
   0.3140000E+02    0.8767613E+00
   0.3150000E+02    0.9104904E+00
   0.3160000E+02    0.9386013E+00
   0.3170000E+02    0.9608771E+00
   0.3180000E+02    0.9771484E+00
   0.3190000E+02    0.9873022E+00
   0.3200000E+02    0.9912855E+00
   0.3210000E+02    0.9891035E+00
   0.3220000E+02    0.9808121E+00
   0.3230000E+02    0.9665076E+00
   0.3240000E+02    0.9463150E+00
   0.3250000E+02    0.9203786E+00
   0.3260000E+02    0.8888559E+00
   0.3270000E+02    0.8519181E+00
   0.3280000E+02    0.8097541E+00
   0.3290000E+02    0.7625790E+00
   0.3300000E+02    0.7106439E+00
   0.3310000E+02    0.6542436E+00
   0.3320000E+02    0.5937213E+00
   0.3330000E+02    0.5294674E+00
   0.3340000E+02    0.4619125E+00
   0.3350000E+02    0.3915168E+00
   0.3360000E+02    0.3187565E+00
   0.3370000E+02    0.2441106E+00
   0.3380000E+02    0.1681406E+00
   0.3390000E+02    0.9103446E-01
   0.3400000E+02    0.1350774E-01
   0.3410000E+02   -0.6409348E-01
   0.3420000E+02   -0.1413343E+00
   0.3430000E+02   -0.2177734E+00
   0.3440000E+02   -0.2929573E+00
   0.3450000E+02   -0.3664193E+00
   0.3460000E+02   -0.4376827E+00
   0.3470000E+02   -0.5062704E+00
   0.3480000E+02   -0.5717166E+00
   0.3490000E+02   -0.6335805E+00
   0.3500000E+02   -0.6914580E+00
   0.3510000E+02   -0.7449900E+00
   0.3520000E+02   -0.7938650E+00
   0.3530000E+02   -0.8378166E+00
   0.3540000E+02   -0.8766168E+00
   0.3550000E+02   -0.9100669E+00
   0.3560000E+02   -0.9379891E+00
   0.3570000E+02   -0.9602207E+00
   0.3580000E+02   -0.9766130E+00
   0.3590000E+02   -0.9870353E+00
   0.3600000E+02   -0.9913827E+00
   0.3610000E+02   -0.9895873E+00
   0.3620000E+02   -0.9816281E+00
   0.3630000E+02   -0.9675394E+00
   0.3640000E+02   -0.9474142E+00
   0.3650000E+02   -0.9214020E+00
   0.3660000E+02   -0.8897016E+00
   0.3670000E+02   -0.8525514E+00
   0.3680000E+02   -0.8102152E+00
   0.3690000E+02   -0.7629761E+00
   0.3700000E+02   -0.7111256E+00
   0.3710000E+02   -0.6549639E+00
   0.3720000E+02   -0.5948022E+00
   0.3730000E+02   -0.5309699E+00
   0.3740000E+02   -0.4638209E+00
   0.3750000E+02   -0.3937444E+00
   0.3760000E+02   -0.3211650E+00
   0.3770000E+02   -0.2465440E+00
   0.3780000E+02   -0.1703722E+00
   0.3790000E+02   -0.9315997E-01
   0.3800000E+02   -0.1542350E-01
   0.3810000E+02    0.6232773E-01
   0.3820000E+02    0.1396016E+00
   0.3830000E+02    0.2159298E+00
   0.3840000E+02    0.2908680E+00
   0.3850000E+02    0.3639934E+00
   0.3860000E+02    0.4348969E+00
   0.3870000E+02    0.5031760E+00
   0.3880000E+02    0.5684289E+00
   0.3890000E+02    0.6302524E+00
   0.3900000E+02    0.6882448E+00
   0.3910000E+02    0.7420134E+00
   0.3920000E+02    0.7911857E+00
   0.3930000E+02    0.8354219E+00
   0.3940000E+02    0.8744255E+00
   0.3950000E+02    0.9079516E+00
   0.3960000E+02    0.9358093E+00
   0.3970000E+02    0.9578591E+00
   0.3980000E+02    0.9740057E+00
   0.3990000E+02    0.9841895E+00
   0.4000000E+02    0.9883767E+00
   0.4010000E+02    0.9865527E+00
   0.4020000E+02    0.9787198E+00
   0.4030000E+02    0.9648993E+00
   0.4040000E+02    0.9451381E+00
   0.4050000E+02    0.9195178E+00
   0.4060000E+02    0.8881640E+00
   0.4070000E+02    0.8512537E+00
   0.4080000E+02    0.8090179E+00
   0.4090000E+02    0.7617393E+00
   0.4100000E+02    0.7097457E+00
   0.4110000E+02    0.6533983E+00
   0.4120000E+02    0.5930802E+00
   0.4130000E+02    0.5291853E+00
   0.4140000E+02    0.4621099E+00
   0.4150000E+02    0.3922508E+00
   0.4160000E+02    0.3200057E+00
   0.4170000E+02    0.2457800E+00
   0.4180000E+02    0.1699929E+00
   0.4190000E+02    0.9308524E-01
   0.4200000E+02    0.1552235E-01
   0.4210000E+02   -0.6220614E-01
   0.4220000E+02   -0.1395930E+00
   0.4230000E+02   -0.2161222E+00
   0.4240000E+02   -0.2912827E+00
   0.4250000E+02   -0.3645810E+00
   0.4260000E+02   -0.4355516E+00
   0.4270000E+02   -0.5037632E+00
   0.4280000E+02   -0.5688203E+00
   0.4290000E+02   -0.6303593E+00
   0.4300000E+02   -0.6880421E+00
   0.4310000E+02   -0.7415478E+00
   0.4320000E+02   -0.7905670E+00
   0.4330000E+02   -0.8347982E+00
   0.4340000E+02   -0.8739500E+00
   0.4350000E+02   -0.9077470E+00
   0.4360000E+02   -0.9359411E+00
   0.4370000E+02   -0.9583217E+00
   0.4380000E+02   -0.9747263E+00
   0.4390000E+02   -0.9850469E+00
   0.4400000E+02   -0.9892357E+00
   0.4410000E+02   -0.9872971E+00
   0.4420000E+02   -0.9792836E+00
   0.4430000E+02   -0.9652843E+00
   0.4440000E+02   -0.9454155E+00
   0.4450000E+02   -0.9198124E+00
   0.4460000E+02   -0.8886253E+00
   0.4470000E+02   -0.8520208E+00
   0.4480000E+02   -0.8101870E+00
   0.4490000E+02   -0.7633402E+00
   0.4500000E+02   -0.7117370E+00
   0.4510000E+02   -0.6556772E+00
   0.4520000E+02   -0.5955089E+00
   0.4530000E+02   -0.5316221E+00
   0.4540000E+02   -0.4644481E+00
   0.4550000E+02   -0.3944413E+00
   0.4560000E+02   -0.3220701E+00
   0.4570000E+02   -0.2478039E+00
   0.4580000E+02   -0.1721047E+00
   0.4590000E+02   -0.9542372E-01
   0.4600000E+02   -0.1820142E-01
   0.4610000E+02    0.5912674E-01
   0.4620000E+02    0.1361234E+00
   0.4630000E+02    0.2123424E+00
   0.4640000E+02    0.2873248E+00
   0.4650000E+02    0.3605990E+00
   0.4660000E+02    0.4316860E+00
   0.4670000E+02    0.5001092E+00
   0.4680000E+02    0.5654067E+00
   0.4690000E+02    0.6271444E+00
   0.4700000E+02    0.6849258E+00
   0.4710000E+02    0.7383990E+00
   0.4720000E+02    0.7872580E+00
   0.4730000E+02    0.8312386E+00
   0.4740000E+02    0.8701113E+00
   0.4750000E+02    0.9036730E+00
   0.4760000E+02    0.9317390E+00
   0.4770000E+02    0.9541389E+00
   0.4780000E+02    0.9707176E+00
   0.4790000E+02    0.9813399E+00
   0.4800000E+02    0.9858998E+00
   0.4810000E+02    0.9843312E+00
   0.4820000E+02    0.9766176E+00
   0.4830000E+02    0.9627987E+00
   0.4840000E+02    0.9429722E+00
   0.4850000E+02    0.9172903E+00
   0.4860000E+02    0.8859516E+00
   0.4870000E+02    0.8491903E+00
   0.4880000E+02    0.8072643E+00
   0.4890000E+02    0.7604465E+00
   0.4900000E+02    0.7090197E+00
   0.4910000E+02    0.6532755E+00
   0.4920000E+02    0.5935197E+00
   0.4930000E+02    0.5300791E+00
   0.4940000E+02    0.4633094E+00
   0.4950000E+02    0.3936024E+00
   0.4960000E+02    0.3213875E+00
   0.4970000E+02    0.2471301E+00
   0.4980000E+02    0.1713233E+00
   0.4990000E+02    0.9447613E-01
   0.5000000E+02    0.1710076E-01
   0.5010000E+02   -0.6017897E-01
   0.5020000E+02   -0.1372447E+00
   0.5030000E+02   -0.2132721E+00
   0.5040000E+02   -0.2879464E+00
   0.5050000E+02   -0.3608491E+00
   0.5060000E+02   -0.4315725E+00
   0.5070000E+02   -0.4997118E+00
   0.5080000E+02   -0.5648607E+00
   0.5090000E+02   -0.6266100E+00
   0.5100000E+02   -0.6845527E+00
   0.5110000E+02   -0.7382933E+00
   0.5120000E+02   -0.7874578E+00
   0.5130000E+02   -0.8317100E+00
   0.5140000E+02   -0.8707587E+00
   0.5150000E+02   -0.9043654E+00
   0.5160000E+02   -0.9323455E+00
   0.5170000E+02   -0.9545641E+00
   0.5180000E+02   -0.9709274E+00
   0.5190000E+02   -0.9813735E+00
   0.5200000E+02   -0.9858631E+00
   0.5210000E+02   -0.9843737E+00
   0.5220000E+02   -0.9768990E+00
   0.5230000E+02   -0.9634525E+00
   0.5240000E+02   -0.9440756E+00
   0.5250000E+02   -0.9188475E+00
   0.5260000E+02   -0.8878949E+00
   0.5270000E+02   -0.8513979E+00
   0.5280000E+02   -0.8095923E+00
   0.5290000E+02   -0.7627648E+00
   0.5300000E+02   -0.7112449E+00
   0.5310000E+02   -0.6553929E+00
   0.5320000E+02   -0.5955870E+00
   0.5330000E+02   -0.5322128E+00
   0.5340000E+02   -0.4656571E+00
   0.5350000E+02   -0.3963062E+00
   0.5360000E+02   -0.3245491E+00
   0.5370000E+02   -0.2507852E+00
   0.5380000E+02   -0.1754314E+00
   0.5390000E+02   -0.9892941E-01
   0.5400000E+02   -0.2174833E-01
   0.5410000E+02    0.5561773E-01
   0.5420000E+02    0.1326570E+00
   0.5430000E+02    0.2088522E+00
   0.5440000E+02    0.2836935E+00
   0.5450000E+02    0.3566923E+00
   0.5460000E+02    0.4273905E+00
   0.5470000E+02    0.4953659E+00
   0.5480000E+02    0.5602314E+00
   0.5490000E+02    0.6216301E+00
   0.5500000E+02    0.6792267E+00
   0.5510000E+02    0.7326997E+00
   0.5520000E+02    0.7817353E+00
   0.5530000E+02    0.8260253E+00
   0.5540000E+02    0.8652705E+00
   0.5550000E+02    0.8991897E+00
   0.5560000E+02    0.9275305E+00
   0.5570000E+02    0.9500817E+00
   0.5580000E+02    0.9666849E+00
   0.5590000E+02    0.9772378E+00
   0.5600000E+02    0.9816978E+00
   0.5610000E+02    0.9800754E+00
   0.5620000E+02    0.9724258E+00
   0.5630000E+02    0.9588367E+00
   0.5640000E+02    0.9394208E+00
   0.5650000E+02    0.9143032E+00
   0.5660000E+02    0.8836241E+00
   0.5670000E+02    0.8475394E+00
   0.5680000E+02    0.8062282E+00
   0.5690000E+02    0.7599022E+00
   0.5700000E+02    0.7088153E+00
   0.5710000E+02    0.6532696E+00
   0.5720000E+02    0.5936168E+00
   0.5730000E+02    0.5302538E+00
   0.5740000E+02    0.4636133E+00
   0.5750000E+02    0.3941509E+00
   0.5760000E+02    0.3223312E+00
   0.5770000E+02    0.2486161E+00
   0.5780000E+02    0.1734581E+00
   0.5790000E+02    0.9729425E-01
   0.5800000E+02    0.2055637E-01
   0.5810000E+02   -0.5632889E-01
   0.5820000E+02   -0.1329283E+00
   0.5830000E+02   -0.2087952E+00
   0.5840000E+02   -0.2834670E+00
   0.5850000E+02   -0.3564658E+00
   0.5860000E+02   -0.4273067E+00
   0.5870000E+02   -0.4955091E+00
   0.5880000E+02   -0.5606111E+00
   0.5890000E+02   -0.6221807E+00
   0.5900000E+02   -0.6798303E+00
   0.5910000E+02   -0.7332175E+00
   0.5920000E+02   -0.7820461E+00
   0.5930000E+02   -0.8261027E+00
   0.5940000E+02   -0.8650333E+00
   0.5950000E+02   -0.8987626E+00
   0.5960000E+02   -0.9270573E+00
   0.5970000E+02   -0.9497378E+00
   0.5980000E+02   -0.9666384E+00
   0.5990000E+02   -0.9776131E+00
   0.6000000E+02   -0.9825496E+00
   0.6010000E+02   -0.9813788E+00
   0.6020000E+02   -0.9740859E+00
   0.6030000E+02   -0.9607164E+00
   0.6040000E+02   -0.9413756E+00
   0.6050000E+02   -0.9162226E+00
   0.6060000E+02   -0.8854602E+00
   0.6070000E+02   -0.8493217E+00
   0.6080000E+02   -0.8080590E+00
   0.6090000E+02   -0.7619341E+00
   0.6100000E+02   -0.7112155E+00
   0.6110000E+02   -0.6561804E+00
   0.6120000E+02   -0.5971218E+00
   0.6130000E+02   -0.5343577E+00
   0.6140000E+02   -0.4682409E+00
   0.6150000E+02   -0.3991650E+00
   0.6160000E+02   -0.3275656E+00
   0.6170000E+02   -0.2539152E+00
   0.6180000E+02   -0.1787088E+00
   0.6190000E+02   -0.1024703E+00
   0.6200000E+02   -0.2569617E-01
   0.6210000E+02    0.5111590E-01
   0.6220000E+02    0.1274960E+00
   0.6230000E+02    0.2030001E+00
   0.6240000E+02    0.2772062E+00
   0.6250000E+02    0.3497082E+00
   0.6260000E+02    0.4201026E+00
   0.6270000E+02    0.4879843E+00
   0.6280000E+02    0.5529398E+00
   0.6290000E+02    0.6145497E+00
   0.6300000E+02    0.6723956E+00
   0.6310000E+02    0.7260724E+00
   0.6320000E+02    0.7752033E+00
   0.6330000E+02    0.8194527E+00
   0.6340000E+02    0.8585380E+00
   0.6350000E+02    0.8922327E+00
   0.6360000E+02    0.9203660E+00
   0.6370000E+02    0.9428142E+00
   0.6380000E+02    0.9594898E+00
   0.6390000E+02    0.9703306E+00
   0.6400000E+02    0.9752891E+00
   0.6410000E+02    0.9743292E+00
   0.6420000E+02    0.9674272E+00
   0.6430000E+02    0.9545800E+00
   0.6440000E+02    0.9358159E+00
   0.6450000E+02    0.9112073E+00
   0.6460000E+02    0.8808811E+00
   0.6470000E+02    0.8450245E+00
   0.6480000E+02    0.8038762E+00
   0.6490000E+02    0.7577567E+00
   0.6500000E+02    0.7069808E+00
   0.6510000E+02    0.6519176E+00
   0.6520000E+02    0.5929386E+00
   0.6530000E+02    0.5304162E+00
   0.6540000E+02    0.4647160E+00
   0.6550000E+02    0.3962038E+00
   0.6560000E+02    0.3252488E+00
   0.6570000E+02    0.2522368E+00
   0.6580000E+02    0.1775788E+00
   0.6590000E+02    0.1017192E+00
   0.6600000E+02    0.2513692E-01
   0.6610000E+02   -0.5166083E-01
   0.6620000E+02   -0.1281498E+00
   0.6630000E+02   -0.2038047E+00
   0.6640000E+02   -0.2781158E+00
   0.6650000E+02   -0.3506033E+00
   0.6660000E+02   -0.4208258E+00
   0.6670000E+02   -0.4883824E+00
   0.6680000E+02   -0.5529082E+00
   0.6690000E+02   -0.6140637E+00
   0.6700000E+02   -0.6715237E+00
   0.6710000E+02   -0.7249665E+00
   0.6720000E+02   -0.7740683E+00
   0.6730000E+02   -0.8185038E+00
   0.6740000E+02   -0.8579539E+00
   0.6750000E+02   -0.8921193E+00
   0.6760000E+02   -0.9207356E+00
   0.6770000E+02   -0.9435864E+00
   0.6780000E+02   -0.9605311E+00
   0.6790000E+02   -0.9714677E+00
   0.6800000E+02   -0.9763819E+00
   0.6810000E+02   -0.9753004E+00
   0.6820000E+02   -0.9682902E+00
   0.6830000E+02   -0.9553372E+00
   0.6840000E+02   -0.9368572E+00
   0.6850000E+02   -0.9126437E+00
   0.6860000E+02   -0.8829153E+00
   0.6870000E+02   -0.8478001E+00
   0.6880000E+02   -0.8074539E+00
   0.6890000E+02   -0.7620734E+00
   0.6900000E+02   -0.7119088E+00
   0.6910000E+02   -0.6572693E+00
   0.6920000E+02   -0.5985217E+00
   0.6930000E+02   -0.5360814E+00
   0.6940000E+02   -0.4703958E+00
   0.6950000E+02   -0.4019305E+00
   0.6960000E+02   -0.3311440E+00
   0.6970000E+02   -0.2584832E+00
   0.6980000E+02   -0.1843728E+00
   0.6990000E+02   -0.1092217E+00
   0.7000000E+02   -0.3342853E-01
   0.7010000E+02    0.4260320E-01
   0.7020000E+02    0.1184528E+00
   0.7030000E+02    0.1936731E+00
   0.7040000E+02    0.2677882E+00
   0.7050000E+02    0.3402996E+00
   0.7060000E+02    0.4106993E+00
   0.7070000E+02    0.4784883E+00
   0.7080000E+02    0.5431956E+00
   0.7090000E+02    0.6043953E+00
   0.7100000E+02    0.6617158E+00
   0.7110000E+02    0.7148421E+00
   0.7120000E+02    0.7635085E+00
   0.7130000E+02    0.8074862E+00
   0.7140000E+02    0.8465675E+00
   0.7150000E+02    0.8805519E+00
   0.7160000E+02    0.9092375E+00
   0.7170000E+02    0.9324209E+00
   0.7180000E+02    0.9499046E+00
   0.7190000E+02    0.9615119E+00
   0.7200000E+02    0.9671056E+00
   0.7210000E+02    0.9666049E+00
   0.7220000E+02    0.9599983E+00
   0.7230000E+02    0.9473476E+00
   0.7240000E+02    0.9287839E+00
   0.7250000E+02    0.9044934E+00
   0.7260000E+02    0.8747000E+00
   0.7270000E+02    0.8396456E+00
   0.7280000E+02    0.7995745E+00
   0.7290000E+02    0.7547249E+00
   0.7300000E+02    0.7053290E+00
   0.7310000E+02    0.6516229E+00
   0.7320000E+02    0.5938608E+00
   0.7330000E+02    0.5323333E+00
   0.7340000E+02    0.4673811E+00
   0.7350000E+02    0.3994031E+00
   0.7360000E+02    0.3288547E+00
   0.7370000E+02    0.2562363E+00
   0.7380000E+02    0.1820747E+00
   0.7390000E+02    0.1069001E+00
   0.7400000E+02    0.3122504E-01
   0.7410000E+02   -0.4447171E-01
   0.7420000E+02   -0.1197515E+00
   0.7430000E+02   -0.1942125E+00
   0.7440000E+02   -0.2674781E+00
   0.7450000E+02   -0.3391791E+00
   0.7460000E+02   -0.4089369E+00
   0.7470000E+02   -0.4763498E+00
   0.7480000E+02   -0.5409897E+00
   0.7490000E+02   -0.6024071E+00
   0.7500000E+02   -0.6601472E+00
   0.7510000E+02   -0.7137710E+00
   0.7520000E+02   -0.7628799E+00
   0.7530000E+02   -0.8071347E+00
   0.7540000E+02   -0.8462720E+00
   0.7550000E+02   -0.8800877E+00
   0.7560000E+02   -0.9084623E+00
   0.7570000E+02   -0.9313091E+00
   0.7580000E+02   -0.9485701E+00
   0.7590000E+02   -0.9601931E+00
   0.7600000E+02   -0.9661192E+00
   0.7610000E+02   -0.9662797E+00
   0.7620000E+02   -0.9606052E+00
   0.7630000E+02   -0.9490423E+00
   0.7640000E+02   -0.9315765E+00
   0.7650000E+02   -0.9082537E+00
   0.7660000E+02   -0.8791943E+00
   0.7670000E+02   -0.8446074E+00
   0.7680000E+02   -0.8047671E+00
   0.7690000E+02   -0.7600129E+00
   0.7700000E+02   -0.7107168E+00
   0.7710000E+02   -0.6572596E+00
   0.7720000E+02   -0.6000093E+00
   0.7730000E+02   -0.5393095E+00
   0.7740000E+02   -0.4754784E+00
   0.7750000E+02   -0.4088211E+00
   0.7760000E+02   -0.3396475E+00
   0.7770000E+02   -0.2682964E+00
   0.7780000E+02   -0.1951546E+00
   0.7790000E+02   -0.1206668E+00
   0.7800000E+02   -0.4533976E-01
   0.7810000E+02    0.3028144E-01
   0.7820000E+02    0.1056270E+00
   0.7830000E+02    0.1801363E+00
   0.7840000E+02    0.2532847E+00
   0.7850000E+02    0.3246040E+00
   0.7860000E+02    0.3936902E+00
   0.7870000E+02    0.4601995E+00
   0.7880000E+02    0.5238311E+00
   0.7890000E+02    0.5843033E+00
   0.7900000E+02    0.6413295E+00
   0.7910000E+02    0.6945979E+00
   0.7920000E+02    0.7437648E+00
   0.7930000E+02    0.7884600E+00
   0.7940000E+02    0.8283058E+00
   0.7950000E+02    0.8629444E+00
   0.7960000E+02    0.8920689E+00
   0.7970000E+02    0.9154488E+00
   0.7980000E+02    0.9329458E+00
   0.7990000E+02    0.9445159E+00
   0.8000000E+02    0.9501934E+00
   0.8010000E+02    0.9500688E+00
   0.8020000E+02    0.9442573E+00
   0.8030000E+02    0.9328704E+00
   0.8040000E+02    0.9159973E+00
   0.8050000E+02    0.8936991E+00
   0.8060000E+02    0.8660185E+00
   0.8070000E+02    0.8330031E+00
   0.8080000E+02    0.7947347E+00
   0.8090000E+02    0.7513598E+00
   0.8100000E+02    0.7031115E+00
   0.8110000E+02    0.6503178E+00
   0.8120000E+02    0.5933934E+00
   0.8130000E+02    0.5328165E+00
   0.8140000E+02    0.4690952E+00
   0.8150000E+02    0.4027314E+00
   0.8160000E+02    0.3341899E+00
   0.8170000E+02    0.2638850E+00
   0.8180000E+02    0.1921694E+00
   0.8190000E+02    0.1193600E+00
   0.8200000E+02    0.4576073E-01
   0.8210000E+02   -0.2830352E-01
   0.8220000E+02   -0.1024573E+00
   0.8230000E+02   -0.1762567E+00
   0.8240000E+02   -0.2491884E+00
   0.8250000E+02   -0.3206867E+00
   0.8260000E+02   -0.3901653E+00
   0.8270000E+02   -0.4570577E+00
   0.8280000E+02   -0.5208558E+00
   0.8290000E+02   -0.5811385E+00
   0.8300000E+02   -0.6375843E+00
   0.8310000E+02   -0.6899633E+00
   0.8320000E+02   -0.7381124E+00
   0.8330000E+02   -0.7818994E+00
   0.8340000E+02   -0.8211840E+00
   0.8350000E+02   -0.8557882E+00
   0.8360000E+02   -0.8854810E+00
   0.8370000E+02   -0.9099841E+00
   0.8380000E+02   -0.9289969E+00
   0.8390000E+02   -0.9422352E+00
   0.8400000E+02   -0.9494757E+00
   0.8410000E+02   -0.9505940E+00
   0.8420000E+02   -0.9455878E+00
   0.8430000E+02   -0.9345792E+00
   0.8440000E+02   -0.9177946E+00
   0.8450000E+02   -0.8955274E+00
   0.8460000E+02   -0.8680912E+00
   0.8470000E+02   -0.8357732E+00
   0.8480000E+02   -0.7988093E+00
   0.8490000E+02   -0.7573635E+00
   0.8500000E+02   -0.7115486E+00
   0.8510000E+02   -0.6614562E+00
   0.8520000E+02   -0.6072053E+00
   0.8530000E+02   -0.5489792E+00
   0.8540000E+02   -0.4870821E+00
   0.8550000E+02   -0.4219340E+00
   0.8560000E+02   -0.3540710E+00
   0.8570000E+02   -0.2841093E+00
   0.8580000E+02   -0.2126886E+00
   0.8590000E+02   -0.1404443E+00
   0.8600000E+02   -0.6790036E-01
   0.8610000E+02    0.4501708E-02
   0.8620000E+02    0.7643526E-01
   0.8630000E+02    0.1476591E+00
   0.8640000E+02    0.2179720E+00
   0.8650000E+02    0.2871577E+00
   0.8660000E+02    0.3549331E+00
   0.8670000E+02    0.4209146E+00
   0.8680000E+02    0.4846098E+00
   0.8690000E+02    0.5454462E+00
   0.8700000E+02    0.6027987E+00
   0.8710000E+02    0.6560866E+00
   0.8720000E+02    0.7048073E+00
   0.8730000E+02    0.7485995E+00
   0.8740000E+02    0.7872625E+00
   0.8750000E+02    0.8207466E+00
   0.8760000E+02    0.8491105E+00
   0.8770000E+02    0.8724674E+00
   0.8780000E+02    0.8909031E+00
   0.8790000E+02    0.9044326E+00
   0.8800000E+02    0.9129612E+00
   0.8810000E+02    0.9162869E+00
   0.8820000E+02    0.9141375E+00
   0.8830000E+02    0.9062328E+00
   0.8840000E+02    0.8923599E+00
   0.8850000E+02    0.8724420E+00
   0.8860000E+02    0.8465833E+00
   0.8870000E+02    0.8150799E+00
   0.8880000E+02    0.7783903E+00
   0.8890000E+02    0.7370736E+00
   0.8900000E+02    0.6917073E+00
   0.8910000E+02    0.6428054E+00
   0.8920000E+02    0.5907562E+00
   0.8930000E+02    0.5357974E+00
   0.8940000E+02    0.4780154E+00
   0.8950000E+02    0.4174318E+00
   0.8960000E+02    0.3540518E+00
   0.8970000E+02    0.2879755E+00
   0.8980000E+02    0.2194559E+00
   0.8990000E+02    0.1489517E+00
   0.9000000E+02    0.7711532E-01
   0.9010000E+02    0.4742097E-02
   0.9020000E+02   -0.6731807E-01
   0.9030000E+02   -0.1382648E+00
   0.9040000E+02   -0.2074471E+00
   0.9050000E+02   -0.2744084E+00
   0.9060000E+02   -0.3389433E+00
   0.9070000E+02   -0.4010213E+00
   0.9080000E+02   -0.4607265E+00
   0.9090000E+02   -0.5181416E+00
   0.9100000E+02   -0.5732467E+00
   0.9110000E+02   -0.6258300E+00
   0.9120000E+02   -0.6754573E+00
   0.9130000E+02   -0.7214966E+00
   0.9140000E+02   -0.7631976E+00
   0.9150000E+02   -0.7998099E+00
   0.9160000E+02   -0.8307131E+00
   0.9170000E+02   -0.8555249E+00
   0.9180000E+02   -0.8741656E+00
   0.9190000E+02   -0.8868548E+00
   0.9200000E+02   -0.8940452E+00
   0.9210000E+02   -0.8963028E+00
   0.9220000E+02   -0.8941619E+00
   0.9230000E+02   -0.8879923E+00
   0.9240000E+02   -0.8779055E+00
   0.9250000E+02   -0.8637292E+00
   0.9260000E+02   -0.8450593E+00
   0.9270000E+02   -0.8213756E+00
   0.9280000E+02   -0.7922066E+00
   0.9290000E+02   -0.7572566E+00
   0.9300000E+02   -0.7165987E+00
   0.9310000E+02   -0.6706644E+00
   0.9320000E+02   -0.6202492E+00
   0.9330000E+02   -0.5663940E+00
   0.9340000E+02   -0.5102133E+00
   0.9350000E+02   -0.4527044E+00
   0.9360000E+02   -0.3945766E+00
   0.9370000E+02   -0.3361481E+00
   0.9380000E+02   -0.2773376E+00
   0.9390000E+02   -0.2177523E+00
   0.9400000E+02   -0.1568608E+00
   0.9410000E+02   -0.9420772E-01
   0.9420000E+02   -0.2962261E-01
   0.9430000E+02    0.3663030E-01
   0.9440000E+02    0.1038013E+00
   0.9450000E+02    0.1707203E+00
   0.9460000E+02    0.2359694E+00
   0.9470000E+02    0.2981257E+00
   0.9480000E+02    0.3560343E+00
   0.9490000E+02    0.4090010E+00
   0.9500000E+02    0.4569332E+00
   0.9510000E+02    0.5003124E+00
   0.9520000E+02    0.5400455E+00
   0.9530000E+02    0.5772064E+00
   0.9540000E+02    0.6127280E+00
   0.9550000E+02    0.6471158E+00
   0.9560000E+02    0.6802540E+00
   0.9570000E+02    0.7113566E+00
   0.9580000E+02    0.7390831E+00
   0.9590000E+02    0.7618044E+00
   0.9600000E+02    0.7779610E+00
   0.9610000E+02    0.7865288E+00
   0.9620000E+02    0.7868504E+00
   0.9630000E+02    0.7797162E+00
   0.9640000E+02    0.7663819E+00
   0.9650000E+02    0.7487890E+00
   0.9660000E+02    0.7290711E+00
   0.9670000E+02    0.7090900E+00
   0.9680000E+02    0.6900013E+00
   0.9690000E+02    0.6719722E+00
   0.9700000E+02    0.6541123E+00
   0.9710000E+02    0.6346607E+00
   0.9720000E+02    0.6113983E+00
   0.9730000E+02    0.5822074E+00
   0.9740000E+02    0.5456571E+00
   0.9750000E+02    0.5014781E+00
   0.9760000E+02    0.4508075E+00
   0.9770000E+02    0.3961258E+00
   0.9780000E+02    0.3408032E+00
   0.9790000E+02    0.2888185E+00
   0.9800000E+02    0.2432698E+00
   0.9810000E+02    0.2063515E+00
   0.9820000E+02    0.1784585E+00
   0.9830000E+02    0.1580890E+00
   0.9840000E+02    0.1420333E+00
   0.9850000E+02    0.1260690E+00
   0.9860000E+02    0.1058504E+00
   0.9870000E+02    0.7800674E-01
   0.9880000E+02    0.4108077E-01
   0.9890000E+02   -0.3822442E-02
   0.9900000E+02   -0.5292107E-01
   0.9910000E+02   -0.1001788E+00
   0.9920000E+02   -0.1383128E+00
   0.9930000E+02   -0.1601412E+00
   0.9940000E+02   -0.1601824E+00
   0.9950000E+02   -0.1359976E+00
   0.9960000E+02   -0.8915155E-01
   0.9970000E+02   -0.2552550E-01
   0.9980000E+02    0.4518083E-01
   0.9990000E+02    0.1106805E+00
   0.1000000E+03    0.1579136E+00
