   0.0000000E+00    0.1000000E+01
   0.1000000E+01   -0.5278560E-01
   0.2000000E+01   -0.5309221E-01
   0.3000000E+01   -0.4314179E-01
   0.4000000E+01   -0.4362855E-01
   0.5000000E+01   -0.4416372E-01
   0.6000000E+01   -0.4473480E-01
   0.7000000E+01    0.1649778E+00
   0.8000000E+01   -0.4585358E-01
   0.9000000E+01   -0.4634882E-01
   0.1000000E+02   -0.4680806E-01
   0.1100000E+02    0.1735032E+00
   0.1200000E+02   -0.3753699E-01
   0.1300000E+02   -0.3802259E-01
   0.1400000E+02   -0.2820445E-01
   0.1500000E+02   -0.2867624E-01
   0.1600000E+02   -0.2907422E-01
   0.1700000E+02   -0.2946618E-01
   0.1800000E+02    0.1807086E+00
   0.1900000E+02   -0.3048351E-01
   0.2000000E+02   -0.3111614E-01
   0.2100000E+02   -0.2150132E-01
   0.2200000E+02   -0.2212311E-01
   0.2300000E+02   -0.2252237E-01
   0.2400000E+02   -0.2276754E-01
   0.2500000E+02   -0.2301573E-01
   0.2600000E+02   -0.2342415E-01
   0.2700000E+02   -0.2405524E-01
   0.2800000E+02   -0.2484070E-01
   0.2900000E+02   -0.2562326E-01
   0.3000000E+02   -0.2624565E-01
   0.3100000E+02   -0.2664550E-01
   0.3200000E+02   -0.2689092E-01
   0.3300000E+02    0.1831484E+00
   0.3400000E+02   -0.2754669E-01
   0.3500000E+02   -0.2817718E-01
   0.3600000E+02   -0.2896240E-01
   0.3700000E+02    0.1807353E+00
   0.3800000E+02   -0.3036819E-01
   0.3900000E+02   -0.3076863E-01
   0.4000000E+02    0.1791200E+00
   0.4100000E+02   -0.3126200E-01
   0.4200000E+02   -0.3166923E-01
   0.4300000E+02   -0.3229912E-01
   0.4400000E+02   -0.3308410E-01
   0.4500000E+02   -0.3386715E-01
   0.4600000E+02   -0.3449072E-01
   0.4700000E+02   -0.3489177E-01
   0.4800000E+02   -0.2486815E-01
   0.4900000E+02   -0.2518867E-01
   0.5000000E+02   -0.2554557E-01
   0.5100000E+02    0.1844490E+00
   0.5200000E+02   -0.2666325E-01
   0.5300000E+02   -0.2737337E-01
   0.5400000E+02   -0.1780119E-01
   0.5500000E+02   -0.1839596E-01
   0.5600000E+02   -0.1872200E-01
   0.5700000E+02   -0.1888933E-01
   0.5800000E+02   -0.1910223E-01
   0.5900000E+02   -0.1953772E-01
   0.6000000E+02   -0.2024240E-01
   0.6100000E+02   -0.2110574E-01
   0.6200000E+02   -0.2192373E-01
   0.6300000E+02   -0.2251909E-01
   0.6400000E+02   -0.2284538E-01
   0.6500000E+02   -0.2301246E-01
   0.6600000E+02   -0.2322477E-01
   0.6700000E+02   -0.2365966E-01
   0.6800000E+02   -0.2436410E-01
   0.6900000E+02   -0.2522768E-01
   0.7000000E+02    0.1845874E+00
   0.7100000E+02   -0.2664223E-01
   0.7200000E+02   -0.2696876E-01
   0.7300000E+02   -0.2713559E-01
   0.7400000E+02   -0.2734730E-01
   0.7500000E+02   -0.2778160E-01
   0.7600000E+02   -0.2848579E-01
   0.7700000E+02    0.1811309E+00
   0.7800000E+02   -0.3016880E-01
   0.7900000E+02   -0.3076536E-01
   0.8000000E+02   -0.3109213E-01
   0.8100000E+02   -0.2098172E-01
   0.8200000E+02   -0.2126596E-01
   0.8300000E+02   -0.2164990E-01
   0.8400000E+02   -0.2221036E-01
   0.8500000E+02   -0.2292135E-01
   0.8600000E+02   -0.2366789E-01
   0.8700000E+02   -0.2431492E-01
   0.8800000E+02    0.1963113E+00
   0.8900000E+02   -0.1490839E-01
   0.9000000E+02   -0.1514231E-01
   0.9100000E+02   -0.5119200E-02
   0.9200000E+02   -0.5576248E-02
   0.9300000E+02   -0.6141127E-02
   0.9400000E+02   -0.6784896E-02
   0.9500000E+02   -0.7432276E-02
   0.9600000E+02   -0.8006089E-02
   0.9700000E+02   -0.8471612E-02
   0.9800000E+02   -0.8858157E-02
   0.9900000E+02    0.1045305E-02
   0.1000000E+03    0.5153139E-03
