   0.0000000E+00    0.1000000E+01
   0.1000000E+00    0.9581932E+00
   0.2000000E+00    0.8388189E+00
   0.3000000E+00    0.6589783E+00
   0.4000000E+00    0.4439105E+00
   0.5000000E+00    0.2227469E+00
   0.6000000E+00    0.2368139E-01
   0.7000000E+00   -0.1305048E+00
   0.8000000E+00   -0.2258268E+00
   0.9000000E+00   -0.2587900E+00
   0.1000000E+01   -0.2361580E+00
   0.1100000E+01   -0.1729285E+00
   0.1200000E+01   -0.8897665E-01
   0.1300000E+01   -0.5059398E-02
   0.1400000E+01    0.6103577E-01
   0.1500000E+01    0.9747914E-01
   0.1600000E+01    0.1000162E+00
   0.1700000E+01    0.7199152E-01
   0.1800000E+01    0.2287480E-01
   0.1900000E+01   -0.3428745E-01
   0.2000000E+01   -0.8594062E-01
   0.2100000E+01   -0.1209351E+00
   0.2200000E+01   -0.1327068E+00
   0.2300000E+01   -0.1203254E+00
   0.2400000E+01   -0.8826923E-01
   0.2500000E+01   -0.4505736E-01
   0.2600000E+01   -0.1108978E-02
   0.2700000E+01    0.3367633E-01
   0.2800000E+01    0.5206901E-01
   0.2900000E+01    0.5094961E-01
   0.3000000E+01    0.3176346E-01
   0.3100000E+01   -0.5526783E-04
   0.3200000E+01   -0.3651053E-01
   0.3300000E+01   -0.6896671E-01
   0.3400000E+01   -0.9011974E-01
   0.3500000E+01   -0.9558003E-01
   0.3600000E+01   -0.8473556E-01
   0.3700000E+01   -0.6072916E-01
   0.3800000E+01   -0.2960762E-01
   0.3900000E+01    0.1164145E-02
   0.4000000E+01    0.2444067E-01
   0.4100000E+01    0.3501026E-01
   0.4200000E+01    0.3072145E-01
   0.4300000E+01    0.1288963E-01
   0.4400000E+01   -0.1408702E-01
   0.4500000E+01   -0.4378971E-01
   0.4600000E+01   -0.6928158E-01
   0.4700000E+01   -0.8467613E-01
   0.4800000E+01   -0.8646763E-01
   0.4900000E+01   -0.7428194E-01
   0.5000000E+01   -0.5094810E-01
   0.5100000E+01   -0.2183764E-01
   0.5200000E+01    0.6335783E-02
   0.5300000E+01    0.2701878E-01
   0.5400000E+01    0.3525372E-01
   0.5500000E+01    0.2879970E-01
   0.5600000E+01    0.8646361E-02
   0.5700000E+01   -0.2114052E-01
   0.5800000E+01   -0.5422515E-01
   0.5900000E+01   -0.8326934E-01
   0.6000000E+01   -0.1013917E+00
   0.6100000E+01   -0.1035452E+00
   0.6200000E+01   -0.8751289E-01
   0.6300000E+01   -0.5433421E-01
   0.6400000E+01   -0.8129344E-02
   0.6500000E+01    0.4470086E-01
   0.6600000E+01    0.9661760E-01
   0.6700000E+01    0.1403142E+00
   0.6800000E+01    0.1699502E+00
   0.6900000E+01    0.1820821E+00
   0.7000000E+01    0.1760967E+00
   0.7100000E+01    0.1541328E+00
   0.7200000E+01    0.1205069E+00
   0.7300000E+01    0.8080494E-01
   0.7400000E+01    0.4082907E-01
   0.7500000E+01    0.5604007E-02
   0.7600000E+01   -0.2137180E-01
   0.7700000E+01   -0.3850729E-01
   0.7800000E+01   -0.4613230E-01
   0.7900000E+01   -0.4611518E-01
   0.8000000E+01   -0.4126492E-01
   0.8100000E+01   -0.3461987E-01
   0.8200000E+01   -0.2878980E-01
   0.8300000E+01   -0.2547423E-01
   0.8400000E+01   -0.2525095E-01
   0.8500000E+01   -0.2760931E-01
   0.8600000E+01   -0.3126871E-01
   0.8700000E+01   -0.3459323E-01
   0.8800000E+01   -0.3611938E-01
   0.8900000E+01   -0.3493390E-01
   0.9000000E+01   -0.3095817E-01
   0.9100000E+01   -0.2498152E-01
   0.9200000E+01   -0.1850120E-01
   0.9300000E+01   -0.1336876E-01
   0.9400000E+01   -0.1135022E-01
   0.9500000E+01   -0.1366475E-01
   0.9600000E+01   -0.2062129E-01
   0.9700000E+01   -0.3142242E-01
   0.9800000E+01   -0.4418332E-01
   0.9900000E+01   -0.5616750E-01
   0.1000000E+02   -0.6423048E-01
   0.1010000E+02   -0.6535799E-01
   0.1020000E+02   -0.5724872E-01
   0.1030000E+02   -0.3881284E-01
   0.1040000E+02   -0.1050169E-01
   0.1050000E+02    0.2560125E-01
   0.1060000E+02    0.6595892E-01
   0.1070000E+02    0.1060169E+00
   0.1080000E+02    0.1408259E+00
   0.1090000E+02    0.1658038E+00
   0.1100000E+02    0.1774235E+00
   0.1110000E+02    0.1738270E+00
   0.1120000E+02    0.1551631E+00
   0.1130000E+02    0.1236341E+00
   0.1140000E+02    0.8320106E-01
   0.1150000E+02    0.3901410E-01
   0.1160000E+02   -0.3372200E-02
   0.1170000E+02   -0.3885562E-01
   0.1180000E+02   -0.6357461E-01
   0.1190000E+02   -0.7549489E-01
   0.1200000E+02   -0.7467682E-01
   0.1210000E+02   -0.6319448E-01
   0.1220000E+02   -0.4469766E-01
   0.1230000E+02   -0.2371171E-01
   0.1240000E+02   -0.4787964E-02
   0.1250000E+02    0.8319423E-02
   0.1260000E+02    0.1331026E-01
   0.1270000E+02    0.9702494E-02
   0.1280000E+02   -0.1170960E-02
   0.1290000E+02   -0.1650640E-01
   0.1300000E+02   -0.3268292E-01
   0.1310000E+02   -0.4603292E-01
   0.1320000E+02   -0.5362362E-01
   0.1330000E+02   -0.5385743E-01
   0.1340000E+02   -0.4678433E-01
   0.1350000E+02   -0.3405251E-01
   0.1360000E+02   -0.1852142E-01
   0.1370000E+02   -0.3616708E-02
   0.1380000E+02    0.7431816E-02
   0.1390000E+02    0.1229192E-01
   0.1400000E+02    0.1005216E-01
   0.1410000E+02    0.1395015E-02
   0.1420000E+02   -0.1156044E-01
   0.1430000E+02   -0.2574509E-01
   0.1440000E+02   -0.3784450E-01
   0.1450000E+02   -0.4504000E-01
   0.1460000E+02   -0.4566614E-01
   0.1470000E+02   -0.3958512E-01
   0.1480000E+02   -0.2822935E-01
   0.1490000E+02   -0.1427203E-01
   0.1500000E+02   -0.1031062E-02
   0.1510000E+02    0.8310882E-02
   0.1520000E+02    0.1144453E-01
   0.1530000E+02    0.7492027E-02
   0.1540000E+02   -0.2757540E-02
   0.1550000E+02   -0.1699430E-01
   0.1560000E+02   -0.3189067E-01
   0.1570000E+02   -0.4385450E-01
   0.1580000E+02   -0.4986769E-01
   0.1590000E+02   -0.4821833E-01
   0.1600000E+02   -0.3895777E-01
   0.1610000E+02   -0.2396743E-01
   0.1620000E+02   -0.6607259E-02
   0.1630000E+02    0.8997979E-02
   0.1640000E+02    0.1886815E-01
   0.1650000E+02    0.2011262E-01
   0.1660000E+02    0.1166942E-01
   0.1670000E+02   -0.5316794E-02
   0.1680000E+02   -0.2757309E-01
   0.1690000E+02   -0.5023261E-01
   0.1700000E+02   -0.6776009E-01
   0.1710000E+02   -0.7503644E-01
   0.1720000E+02   -0.6843462E-01
   0.1730000E+02   -0.4663041E-01
   0.1740000E+02   -0.1100057E-01
   0.1750000E+02    0.3449936E-01
   0.1760000E+02    0.8394937E-01
   0.1770000E+02    0.1304660E+00
   0.1780000E+02    0.1673955E+00
   0.1790000E+02    0.1894683E+00
   0.1800000E+02    0.1937034E+00
   0.1810000E+02    0.1798798E+00
   0.1820000E+02    0.1505079E+00
   0.1830000E+02    0.1103110E+00
   0.1840000E+02    0.6533202E-01
   0.1850000E+02    0.2184687E-01
   0.1860000E+02   -0.1470255E-01
   0.1870000E+02   -0.4055723E-01
   0.1880000E+02   -0.5412433E-01
   0.1890000E+02   -0.5602588E-01
   0.1900000E+02   -0.4874484E-01
   0.1910000E+02   -0.3593766E-01
   0.1920000E+02   -0.2162255E-01
   0.1930000E+02   -0.9365120E-02
   0.1940000E+02   -0.1652166E-02
   0.1950000E+02    0.4498798E-03
   0.1960000E+02   -0.2693580E-02
   0.1970000E+02   -0.9562104E-02
   0.1980000E+02   -0.1798603E-01
   0.1990000E+02   -0.2570441E-01
   0.2000000E+02   -0.3089479E-01
   0.2010000E+02   -0.3253504E-01
   0.2020000E+02   -0.3054538E-01
   0.2030000E+02   -0.2569947E-01
   0.2040000E+02   -0.1935086E-01
   0.2050000E+02   -0.1304684E-01
   0.2060000E+02   -0.8155922E-02
   0.2070000E+02   -0.5557051E-02
   0.2080000E+02   -0.5484268E-02
   0.2090000E+02   -0.7546128E-02
   0.2100000E+02   -0.1089016E-01
   0.2110000E+02   -0.1445918E-01
   0.2120000E+02   -0.1727726E-01
   0.2130000E+02   -0.1868530E-01
   0.2140000E+02   -0.1846824E-01
   0.2150000E+02   -0.1688039E-01
   0.2160000E+02   -0.1450937E-01
   0.2170000E+02   -0.1210601E-01
   0.2180000E+02   -0.1035902E-01
   0.2190000E+02   -0.9723350E-02
   0.2200000E+02   -0.1030182E-01
   0.2210000E+02   -0.1185521E-01
   0.2220000E+02   -0.1388150E-01
   0.2230000E+02   -0.1577503E-01
   0.2240000E+02   -0.1700043E-01
   0.2250000E+02   -0.1723520E-01
   0.2260000E+02   -0.1645668E-01
   0.2270000E+02   -0.1492992E-01
   0.2280000E+02   -0.1312698E-01
   0.2290000E+02   -0.1158596E-01
   0.2300000E+02   -0.1075936E-01
   0.2310000E+02   -0.1088718E-01
   0.2320000E+02   -0.1193375E-01
   0.2330000E+02   -0.1360077E-01
   0.2340000E+02   -0.1541541E-01
   0.2350000E+02   -0.1685944E-01
   0.2360000E+02   -0.1752193E-01
   0.2370000E+02   -0.1720715E-01
   0.2380000E+02   -0.1599335E-01
   0.2390000E+02   -0.1421182E-01
   0.2400000E+02   -0.1235702E-01
   0.2410000E+02   -0.1095139E-01
   0.2420000E+02   -0.1039907E-01
   0.2430000E+02   -0.1088474E-01
   0.2440000E+02   -0.1229694E-01
   0.2450000E+02   -0.1427642E-01
   0.2460000E+02   -0.1629806E-01
   0.2470000E+02   -0.1781367E-01
   0.2480000E+02   -0.1839801E-01
   0.2490000E+02   -0.1787050E-01
   0.2500000E+02   -0.1634772E-01
   0.2510000E+02   -0.1421654E-01
   0.2520000E+02   -0.1204246E-01
   0.2530000E+02   -0.1041338E-01
   0.2540000E+02   -0.9789915E-02
   0.2550000E+02   -0.1037909E-01
   0.2560000E+02   -0.1206465E-01
   0.2570000E+02   -0.1443807E-01
   0.2580000E+02   -0.1689465E-01
   0.2590000E+02   -0.1879041E-01
   0.2600000E+02   -0.1961049E-01
   0.2610000E+02   -0.1911100E-01
   0.2620000E+02   -0.1738945E-01
   0.2630000E+02   -0.1487199E-01
   0.2640000E+02   -0.1220805E-01
   0.2650000E+02   -0.1010746E-01
   0.2660000E+02   -0.9155406E-02
   0.2670000E+02   -0.9651192E-02
   0.2680000E+02   -0.1152680E-01
   0.2690000E+02   -0.1434644E-01
   0.2700000E+02   -0.1740984E-01
   0.2710000E+02   -0.1993170E-01
   0.2720000E+02   -0.2124019E-01
   0.2730000E+02   -0.2095550E-01
   0.2740000E+02   -0.1910808E-01
   0.2750000E+02   -0.1613700E-01
   0.2760000E+02   -0.1279344E-01
   0.2770000E+02   -0.9955907E-02
   0.2780000E+02   -0.8404387E-02
   0.2790000E+02   -0.8612454E-02
   0.2800000E+02   -0.1061109E-01
   0.2810000E+02   -0.1396258E-01
   0.2820000E+02   -0.1785610E-01
   0.2830000E+02   -0.2130164E-01
   0.2840000E+02   -0.2338648E-01
   0.2850000E+02   -0.2351000E-01
   0.2860000E+02   -0.2156246E-01
   0.2870000E+02   -0.1797102E-01
   0.2880000E+02   -0.1361720E-01
   0.2890000E+02   -0.9619839E-02
   0.2900000E+02   -0.7070712E-02
   0.2910000E+02   -0.6731471E-02
   0.2920000E+02   -0.8819980E-02
   0.2930000E+02   -0.1293216E-01
   0.2940000E+02   -0.1810680E-01
   0.2950000E+02   -0.2304262E-01
   0.2960000E+02   -0.2642785E-01
   0.2970000E+02   -0.2727557E-01
   0.2980000E+02   -0.2520693E-01
   0.2990000E+02   -0.2058549E-01
   0.3000000E+02   -0.1447602E-01
   0.3010000E+02   -0.8411206E-02
   0.3020000E+02   -0.4021893E-02
   0.3030000E+02   -0.2618795E-02
   0.3040000E+02   -0.4825474E-02
   0.3050000E+02   -0.1035419E-01
   0.3060000E+02   -0.1801935E-01
   0.3070000E+02   -0.2596096E-01
   0.3080000E+02   -0.3206399E-01
   0.3090000E+02   -0.3451261E-01
   0.3100000E+02   -0.3227056E-01
   0.3110000E+02   -0.2543286E-01
   0.3120000E+02   -0.1533020E-01
   0.3130000E+02   -0.4314510E-02
   0.3140000E+02    0.4727520E-02
   0.3150000E+02    0.9051304E-02
   0.3160000E+02    0.6773693E-02
   0.3170000E+02   -0.2532140E-02
   0.3180000E+02   -0.1751964E-01
   0.3190000E+02   -0.3513012E-01
   0.3200000E+02   -0.5105723E-01
   0.3210000E+02   -0.6054375E-01
   0.3220000E+02   -0.5936853E-01
   0.3230000E+02   -0.4481080E-01
   0.3240000E+02   -0.1641161E-01
   0.3250000E+02    0.2369617E-01
   0.3260000E+02    0.7093939E-01
   0.3270000E+02    0.1189702E+00
   0.3280000E+02    0.1607236E+00
   0.3290000E+02    0.1896845E+00
   0.3300000E+02    0.2010981E+00
   0.3310000E+02    0.1929018E+00
   0.3320000E+02    0.1661621E+00
   0.3330000E+02    0.1249278E+00
   0.3340000E+02    0.7551463E-01
   0.3350000E+02    0.2535345E-01
   0.3360000E+02   -0.1836659E-01
   0.3370000E+02   -0.4999182E-01
   0.3380000E+02   -0.6638622E-01
   0.3390000E+02   -0.6738764E-01
   0.3400000E+02   -0.5565607E-01
   0.3410000E+02   -0.3599234E-01
   0.3420000E+02   -0.1421607E-01
   0.3430000E+02    0.4095288E-02
   0.3440000E+02    0.1476878E-01
   0.3450000E+02    0.1583894E-01
   0.3460000E+02    0.7834312E-02
   0.3470000E+02   -0.6504823E-02
   0.3480000E+02   -0.2300357E-01
   0.3490000E+02   -0.3712682E-01
   0.3500000E+02   -0.4511929E-01
   0.3510000E+02   -0.4492774E-01
   0.3520000E+02   -0.3670437E-01
   0.3530000E+02   -0.2276523E-01
   0.3540000E+02   -0.7017816E-02
   0.3550000E+02    0.6011375E-02
   0.3560000E+02    0.1234660E-01
   0.3570000E+02    0.9626212E-02
   0.3580000E+02   -0.2170309E-02
   0.3590000E+02   -0.2052558E-01
   0.3600000E+02   -0.4077718E-01
   0.3610000E+02   -0.5704541E-01
   0.3620000E+02   -0.6349903E-01
   0.3630000E+02   -0.5569686E-01
   0.3640000E+02   -0.3170962E-01
   0.3650000E+02    0.7234808E-02
   0.3660000E+02    0.5673531E-01
   0.3670000E+02    0.1098731E+00
   0.3680000E+02    0.1584160E+00
   0.3690000E+02    0.1943293E+00
   0.3700000E+02    0.2113301E+00
   0.3710000E+02    0.2061231E+00
   0.3720000E+02    0.1791018E+00
   0.3730000E+02    0.1343230E+00
   0.3740000E+02    0.7880618E-01
   0.3750000E+02    0.2124139E-01
   0.3760000E+02   -0.2961300E-01
   0.3770000E+02   -0.6653792E-01
   0.3780000E+02   -0.8513865E-01
   0.3790000E+02   -0.8458660E-01
   0.3800000E+02   -0.6763167E-01
   0.3810000E+02   -0.3994265E-01
   0.3820000E+02   -0.8885287E-02
   0.3830000E+02    0.1799919E-01
   0.3840000E+02    0.3450529E-01
   0.3850000E+02    0.3698424E-01
   0.3860000E+02    0.2501104E-01
   0.3870000E+02    0.1409500E-02
   0.3880000E+02   -0.2837646E-01
   0.3890000E+02   -0.5740451E-01
   0.3900000E+02   -0.7864386E-01
   0.3910000E+02   -0.8636240E-01
   0.3920000E+02   -0.7723964E-01
   0.3930000E+02   -0.5100431E-01
   0.3940000E+02   -0.1047062E-01
   0.3950000E+02    0.3899160E-01
   0.3960000E+02    0.9044077E-01
   0.3970000E+02    0.1366020E+00
   0.3980000E+02    0.1711098E+00
   0.3990000E+02    0.1895363E+00
   0.4000000E+02    0.1900273E+00
   0.4010000E+02    0.1734499E+00
   0.4020000E+02    0.1430700E+00
   0.4030000E+02    0.1038412E+00
   0.4040000E+02    0.6148106E-01
   0.4050000E+02    0.2147774E-01
   0.4060000E+02   -0.1172900E-01
   0.4070000E+02   -0.3531889E-01
   0.4080000E+02   -0.4832878E-01
   0.4090000E+02   -0.5152092E-01
   0.4100000E+02   -0.4700479E-01
   0.4110000E+02   -0.3766127E-01
   0.4120000E+02   -0.2653454E-01
   0.4130000E+02   -0.1628877E-01
   0.4140000E+02   -0.8822458E-02
   0.4150000E+02   -0.5083901E-02
   0.4160000E+02   -0.5099397E-02
   0.4170000E+02   -0.8146144E-02
   0.4180000E+02   -0.1305079E-01
   0.4190000E+02   -0.1849668E-01
   0.4200000E+02   -0.2330634E-01
   0.4210000E+02   -0.2663971E-01
   0.4220000E+02   -0.2809218E-01
   0.4230000E+02   -0.2768395E-01
   0.4240000E+02   -0.2578165E-01
   0.4250000E+02   -0.2296683E-01
   0.4260000E+02   -0.1989790E-01
   0.4270000E+02   -0.1717642E-01
   0.4280000E+02   -0.1526129E-01
   0.4290000E+02   -0.1441321E-01
   0.4300000E+02   -0.1468474E-01
   0.4310000E+02   -0.1593860E-01
   0.4320000E+02   -0.1789066E-01
   0.4330000E+02   -0.2016427E-01
   0.4340000E+02   -0.2235110E-01
   0.4350000E+02   -0.2407187E-01
   0.4360000E+02   -0.2503359E-01
   0.4370000E+02   -0.2507281E-01
   0.4380000E+02   -0.2418993E-01
   0.4390000E+02   -0.2255181E-01
   0.4400000E+02   -0.2047604E-01
   0.4410000E+02   -0.1837601E-01
   0.4420000E+02   -0.1669011E-01
   0.4430000E+02   -0.1579694E-01
   0.4440000E+02   -0.1592921E-01
   0.4450000E+02   -0.1710994E-01
   0.4460000E+02   -0.1914399E-01
   0.4470000E+02   -0.2163193E-01
   0.4480000E+02   -0.2404745E-01
   0.4490000E+02   -0.2584978E-01
   0.4500000E+02   -0.2660751E-01
   0.4510000E+02   -0.2610347E-01
   0.4520000E+02   -0.2440344E-01
   0.4530000E+02   -0.2185186E-01
   0.4540000E+02   -0.1902339E-01
   0.4550000E+02   -0.1658063E-01
   0.4560000E+02   -0.1513822E-01
   0.4570000E+02   -0.1509969E-01
   0.4580000E+02   -0.1655036E-01
   0.4590000E+02   -0.1922153E-01
   0.4600000E+02   -0.2253021E-01
   0.4610000E+02   -0.2570714E-01
   0.4620000E+02   -0.2797782E-01
   0.4630000E+02   -0.2874050E-01
   0.4640000E+02   -0.2775159E-01
   0.4650000E+02   -0.2517991E-01
   0.4660000E+02   -0.2160245E-01
   0.4670000E+02   -0.1787600E-01
   0.4680000E+02   -0.1494330E-01
   0.4690000E+02   -0.1359057E-01
   0.4700000E+02   -0.1424025E-01
   0.4710000E+02   -0.1681451E-01
   0.4720000E+02   -0.2071897E-01
   0.4730000E+02   -0.2495117E-01
   0.4740000E+02   -0.2833020E-01
   0.4750000E+02   -0.2977624E-01
   0.4760000E+02   -0.2859704E-01
   0.4770000E+02   -0.2469646E-01
   0.4780000E+02   -0.1865267E-01
   0.4790000E+02   -0.1163403E-01
   0.4800000E+02   -0.5165928E-02
   0.4810000E+02   -0.7854732E-03
   0.4820000E+02    0.3317990E-03
   0.4830000E+02   -0.2310423E-02
   0.4840000E+02   -0.8348233E-02
   0.4850000E+02   -0.1657430E-01
   0.4860000E+02   -0.2515286E-01
   0.4870000E+02   -0.3201074E-01
   0.4880000E+02   -0.3531307E-01
   0.4890000E+02   -0.3393013E-01
   0.4900000E+02   -0.2776827E-01
   0.4910000E+02   -0.1789993E-01
   0.4920000E+02   -0.6413365E-02
   0.4930000E+02    0.3988377E-02
   0.4940000E+02    0.1054746E-01
   0.4950000E+02    0.1112198E-01
   0.4960000E+02    0.4748890E-02
   0.4970000E+02   -0.7972706E-02
   0.4980000E+02   -0.2483586E-01
   0.4990000E+02   -0.4228590E-01
   0.5000000E+02   -0.5602421E-01
   0.5010000E+02   -0.6181003E-01
   0.5020000E+02   -0.5633043E-01
   0.5030000E+02   -0.3794556E-01
   0.5040000E+02   -0.7176485E-02
   0.5050000E+02    0.3320792E-01
   0.5060000E+02    0.7851105E-01
   0.5070000E+02    0.1228220E+00
   0.5080000E+02    0.1599782E+00
   0.5090000E+02    0.1846140E+00
   0.5100000E+02    0.1930931E+00
   0.5110000E+02    0.1841491E+00
   0.5120000E+02    0.1591103E+00
   0.5130000E+02    0.1216747E+00
   0.5140000E+02    0.7724055E-01
   0.5150000E+02    0.3198946E-01
   0.5160000E+02   -0.8177237E-02
   0.5170000E+02   -0.3860280E-01
   0.5180000E+02   -0.5657987E-01
   0.5190000E+02   -0.6167121E-01
   0.5200000E+02   -0.5560239E-01
   0.5210000E+02   -0.4176673E-01
   0.5220000E+02   -0.2445688E-01
   0.5230000E+02   -0.7984937E-02
   0.5240000E+02    0.4129883E-02
   0.5250000E+02    0.9755241E-02
   0.5260000E+02    0.8414500E-02
   0.5270000E+02    0.1208720E-02
   0.5280000E+02   -0.9589008E-02
   0.5290000E+02   -0.2112360E-01
   0.5300000E+02   -0.3063734E-01
   0.5310000E+02   -0.3605795E-01
   0.5320000E+02   -0.3639703E-01
   0.5330000E+02   -0.3187800E-01
   0.5340000E+02   -0.2379423E-01
   0.5350000E+02   -0.1413327E-01
   0.5360000E+02   -0.5092552E-02
   0.5370000E+02    0.1440819E-02
   0.5380000E+02    0.4273643E-02
   0.5390000E+02    0.3138970E-02
   0.5400000E+02   -0.1322971E-02
   0.5410000E+02   -0.7768315E-02
   0.5420000E+02   -0.1451075E-01
   0.5430000E+02   -0.1992816E-01
   0.5440000E+02   -0.2283572E-01
   0.5450000E+02   -0.2272377E-01
   0.5460000E+02   -0.1983713E-01
   0.5470000E+02   -0.1506098E-01
   0.5480000E+02   -0.9673864E-02
   0.5490000E+02   -0.5020072E-02
   0.5500000E+02   -0.2186670E-02
   0.5510000E+02   -0.1760030E-02
   0.5520000E+02   -0.3716502E-02
   0.5530000E+02   -0.7452295E-02
   0.5540000E+02   -0.1197970E-01
   0.5550000E+02   -0.1616136E-01
   0.5560000E+02   -0.1900655E-01
   0.5570000E+02   -0.1989258E-01
   0.5580000E+02   -0.1870615E-01
   0.5590000E+02   -0.1583879E-01
   0.5600000E+02   -0.1206981E-01
   0.5610000E+02   -0.8363418E-02
   0.5620000E+02   -0.5623350E-02
   0.5630000E+02   -0.4478998E-02
   0.5640000E+02   -0.5141932E-02
   0.5650000E+02   -0.7375547E-02
   0.5660000E+02   -0.1057093E-01
   0.5670000E+02   -0.1390823E-01
   0.5680000E+02   -0.1656695E-01
   0.5690000E+02   -0.1792546E-01
   0.5700000E+02   -0.1770484E-01
   0.5710000E+02   -0.1602369E-01
   0.5720000E+02   -0.1335393E-01
   0.5730000E+02   -0.1039202E-01
   0.5740000E+02   -0.7880072E-02
   0.5750000E+02   -0.6422339E-02
   0.5760000E+02   -0.6342004E-02
   0.5770000E+02   -0.7612236E-02
   0.5780000E+02   -0.9873265E-02
   0.5790000E+02   -0.1253796E-01
   0.5800000E+02   -0.1493623E-01
   0.5810000E+02   -0.1648971E-01
   0.5820000E+02   -0.1684927E-01
   0.5830000E+02   -0.1597066E-01
   0.5840000E+02   -0.1411966E-01
   0.5850000E+02   -0.1179588E-01
   0.5860000E+02   -0.9597856E-02
   0.5870000E+02   -0.8074701E-02
   0.5880000E+02   -0.7590561E-02
   0.5890000E+02   -0.8239907E-02
   0.5900000E+02   -0.9832488E-02
   0.5910000E+02   -0.1194928E-01
   0.5920000E+02   -0.1405410E-01
   0.5930000E+02   -0.1563053E-01
   0.5940000E+02   -0.1630912E-01
   0.5950000E+02   -0.1595970E-01
   0.5960000E+02   -0.1471288E-01
   0.5970000E+02   -0.1291795E-01
   0.5980000E+02   -0.1105835E-01
   0.5990000E+02   -0.9611680E-02
   0.6000000E+02   -0.8952932E-02
   0.6010000E+02   -0.9228531E-02
   0.6020000E+02   -0.1035796E-01
   0.6030000E+02   -0.1204260E-01
   0.6040000E+02   -0.1385302E-01
   0.6050000E+02   -0.1533473E-01
   0.6060000E+02   -0.1613578E-01
   0.6070000E+02   -0.1608265E-01
   0.6080000E+02   -0.1522699E-01
   0.6090000E+02   -0.1382097E-01
   0.6100000E+02   -0.1225754E-01
   0.6110000E+02   -0.1095691E-01
   0.6120000E+02   -0.1026291E-01
   0.6130000E+02   -0.1035369E-01
   0.6140000E+02   -0.1120156E-01
   0.6150000E+02   -0.1258083E-01
   0.6160000E+02   -0.1413338E-01
   0.6170000E+02   -0.1546108E-01
   0.6180000E+02   -0.1623252E-01
   0.6190000E+02   -0.1626915E-01
   0.6200000E+02   -0.1558577E-01
   0.6210000E+02   -0.1438871E-01
   0.6220000E+02   -0.1301649E-01
   0.6230000E+02   -0.1185013E-01
   0.6240000E+02   -0.1121037E-01
   0.6250000E+02   -0.1127063E-01
   0.6260000E+02   -0.1202184E-01
   0.6270000E+02   -0.1326408E-01
   0.6280000E+02   -0.1466574E-01
   0.6290000E+02   -0.1585275E-01
   0.6300000E+02   -0.1651025E-01
   0.6310000E+02   -0.1646575E-01
   0.6320000E+02   -0.1573580E-01
   0.6330000E+02   -0.1452489E-01
   0.6340000E+02   -0.1317376E-01
   0.6350000E+02   -0.1205882E-01
   0.6360000E+02   -0.1150036E-01
   0.6370000E+02   -0.1166824E-01
   0.6380000E+02   -0.1253672E-01
   0.6390000E+02   -0.1388079E-01
   0.6400000E+02   -0.1534304E-01
   0.6410000E+02   -0.1651983E-01
   0.6420000E+02   -0.1707529E-01
   0.6430000E+02   -0.1683498E-01
   0.6440000E+02   -0.1583989E-01
   0.6450000E+02   -0.1434002E-01
   0.6460000E+02   -0.1273945E-01
   0.6470000E+02   -0.1148552E-01
   0.6480000E+02   -0.1095167E-01
   0.6490000E+02   -0.1132612E-01
   0.6500000E+02   -0.1255991E-01
   0.6510000E+02   -0.1435945E-01
   0.6520000E+02   -0.1625894E-01
   0.6530000E+02   -0.1773444E-01
   0.6540000E+02   -0.1835578E-01
   0.6550000E+02   -0.1788752E-01
   0.6560000E+02   -0.1639019E-01
   0.6570000E+02   -0.1420705E-01
   0.6580000E+02   -0.1189618E-01
   0.6590000E+02   -0.1008856E-01
   0.6600000E+02   -0.9329888E-02
   0.6610000E+02   -0.9918814E-02
   0.6620000E+02   -0.1181140E-01
   0.6630000E+02   -0.1460568E-01
   0.6640000E+02   -0.1762274E-01
   0.6650000E+02   -0.2006094E-01
   0.6660000E+02   -0.2121409E-01
   0.6670000E+02   -0.2064686E-01
   0.6680000E+02   -0.1836195E-01
   0.6690000E+02   -0.1481624E-01
   0.6700000E+02   -0.1085262E-01
   0.6710000E+02   -0.7509342E-02
   0.6720000E+02   -0.5769529E-02
   0.6730000E+02   -0.6285044E-02
   0.6740000E+02   -0.9180558E-02
   0.6750000E+02   -0.1396390E-01
   0.6760000E+02   -0.1957977E-01
   0.6770000E+02   -0.2463205E-01
   0.6780000E+02   -0.2770423E-01
   0.6790000E+02   -0.2772339E-01
   0.6800000E+02   -0.2428426E-01
   0.6810000E+02   -0.1783530E-01
   0.6820000E+02   -0.9677840E-02
   0.6830000E+02   -0.1749724E-02
   0.6840000E+02    0.3771936E-02
   0.6850000E+02    0.4990516E-02
   0.6860000E+02    0.7985563E-03
   0.6870000E+02   -0.8717826E-02
   0.6880000E+02   -0.2210190E-01
   0.6890000E+02   -0.3662181E-01
   0.6900000E+02   -0.4869274E-01
   0.6910000E+02   -0.5448482E-01
   0.6920000E+02   -0.5071034E-01
   0.6930000E+02   -0.3535219E-01
   0.6940000E+02   -0.8230551E-02
   0.6950000E+02    0.2873336E-01
   0.6960000E+02    0.7166266E-01
   0.6970000E+02    0.1152280E+00
   0.6980000E+02    0.1534653E+00
   0.6990000E+02    0.1807815E+00
   0.7000000E+02    0.1929275E+00
   0.7010000E+02    0.1877778E+00
   0.7020000E+02    0.1657617E+00
   0.7030000E+02    0.1298305E+00
   0.7040000E+02    0.8499991E-01
   0.7050000E+02    0.3750504E-01
   0.7060000E+02   -0.6259984E-02
   0.7070000E+02   -0.4080717E-01
   0.7080000E+02   -0.6246627E-01
   0.7090000E+02   -0.6991103E-01
   0.7100000E+02   -0.6428491E-01
   0.7110000E+02   -0.4883404E-01
   0.7120000E+02   -0.2818990E-01
   0.7130000E+02   -0.7413147E-02
   0.7140000E+02    0.8981657E-02
   0.7150000E+02    0.1785964E-01
   0.7160000E+02    0.1796608E-01
   0.7170000E+02    0.1003468E-01
   0.7180000E+02   -0.3516880E-02
   0.7190000E+02   -0.1921528E-01
   0.7200000E+02   -0.3335191E-01
   0.7210000E+02   -0.4278749E-01
   0.7220000E+02   -0.4561793E-01
   0.7230000E+02   -0.4153188E-01
   0.7240000E+02   -0.3178861E-01
   0.7250000E+02   -0.1888550E-01
   0.7260000E+02   -0.5940258E-02
   0.7270000E+02    0.4029563E-02
   0.7280000E+02    0.8792514E-02
   0.7290000E+02    0.7368796E-02
   0.7300000E+02    0.2351268E-03
   0.7310000E+02   -0.1082661E-01
   0.7320000E+02   -0.2316138E-01
   0.7330000E+02   -0.3386096E-01
   0.7340000E+02   -0.4043599E-01
   0.7350000E+02   -0.4137645E-01
   0.7360000E+02   -0.3649076E-01
   0.7370000E+02   -0.2693952E-01
   0.7380000E+02   -0.1496488E-01
   0.7390000E+02   -0.3375553E-02
   0.7400000E+02    0.5095459E-02
   0.7410000E+02    0.8416826E-02
   0.7420000E+02    0.5728749E-02
   0.7430000E+02   -0.2447622E-02
   0.7440000E+02   -0.1431266E-01
   0.7450000E+02   -0.2717320E-01
   0.7460000E+02   -0.3804096E-01
   0.7470000E+02   -0.4430122E-01
   0.7480000E+02   -0.4431720E-01
   0.7490000E+02   -0.3782684E-01
   0.7500000E+02   -0.2605238E-01
   0.7510000E+02   -0.1148273E-01
   0.7520000E+02    0.2624602E-02
   0.7530000E+02    0.1292832E-01
   0.7540000E+02    0.1673089E-01
   0.7550000E+02    0.1260807E-01
   0.7560000E+02    0.7906751E-03
   0.7570000E+02   -0.1676191E-01
   0.7580000E+02   -0.3664166E-01
   0.7590000E+02   -0.5456782E-01
   0.7600000E+02   -0.6615101E-01
   0.7610000E+02   -0.6772295E-01
   0.7620000E+02   -0.5704482E-01
   0.7630000E+02   -0.3379145E-01
   0.7640000E+02    0.2981798E-03
   0.7650000E+02    0.4162847E-01
   0.7660000E+02    0.8527728E-01
   0.7670000E+02    0.1257537E+00
   0.7680000E+02    0.1578575E+00
   0.7690000E+02    0.1774894E+00
   0.7700000E+02    0.1822500E+00
   0.7710000E+02    0.1717945E+00
   0.7720000E+02    0.1478195E+00
   0.7730000E+02    0.1137443E+00
   0.7740000E+02    0.7412970E-01
   0.7750000E+02    0.3394872E-01
   0.7760000E+02   -0.2161247E-02
   0.7770000E+02   -0.3055803E-01
   0.7780000E+02   -0.4904585E-01
   0.7790000E+02   -0.5706925E-01
   0.7800000E+02   -0.5563834E-01
   0.7810000E+02   -0.4700299E-01
   0.7820000E+02   -0.3417091E-01
   0.7830000E+02   -0.2033994E-01
   0.7840000E+02   -0.8360342E-02
   0.7850000E+02   -0.3050178E-03
   0.7860000E+02    0.2782936E-02
   0.7870000E+02    0.9430632E-03
   0.7880000E+02   -0.4845316E-02
   0.7890000E+02   -0.1294655E-01
   0.7900000E+02   -0.2146425E-01
   0.7910000E+02   -0.2861642E-01
   0.7920000E+02   -0.3307430E-01
   0.7930000E+02   -0.3417759E-01
   0.7940000E+02   -0.3200607E-01
   0.7950000E+02   -0.2730239E-01
   0.7960000E+02   -0.2126851E-01
   0.7970000E+02   -0.1528933E-01
   0.7980000E+02   -0.1064045E-01
   0.7990000E+02   -0.8218339E-02
   0.8000000E+02   -0.8385699E-02
   0.8010000E+02   -0.1091394E-01
   0.8020000E+02   -0.1505715E-01
   0.8030000E+02   -0.1973090E-01
   0.8040000E+02   -0.2375752E-01
   0.8050000E+02   -0.2611660E-01
   0.8060000E+02   -0.2617473E-01
   0.8070000E+02   -0.2380446E-01
   0.8080000E+02   -0.1942583E-01
   0.8090000E+02   -0.1390064E-01
   0.8100000E+02   -0.8352858E-02
   0.8110000E+02   -0.3925033E-02
   0.8120000E+02   -0.1531475E-02
   0.8130000E+02   -0.1659319E-02
   0.8140000E+02   -0.4258962E-02
   0.8150000E+02   -0.8757579E-02
   0.8160000E+02   -0.1416584E-01
   0.8170000E+02   -0.1930038E-01
   0.8180000E+02   -0.2303706E-01
   0.8190000E+02   -0.2455353E-01
   0.8200000E+02   -0.2351433E-01
   0.8210000E+02   -0.2014882E-01
   0.8220000E+02   -0.1520648E-01
   0.8230000E+02   -0.9795236E-02
   0.8240000E+02   -0.5141572E-02
   0.8250000E+02   -0.2313460E-02
   0.8260000E+02   -0.1983999E-02
   0.8270000E+02   -0.4262230E-02
   0.8280000E+02   -0.8674129E-02
   0.8290000E+02   -0.1424383E-01
   0.8300000E+02   -0.1971435E-01
   0.8310000E+02   -0.2382522E-01
   0.8320000E+02   -0.2560188E-01
   0.8330000E+02   -0.2458625E-01
   0.8340000E+02   -0.2095474E-01
   0.8350000E+02   -0.1549841E-01
   0.8360000E+02   -0.9450678E-02
   0.8370000E+02   -0.4221990E-02
   0.8380000E+02   -0.1074378E-02
   0.8390000E+02   -0.8241483E-03
   0.8400000E+02   -0.3635730E-02
   0.8410000E+02   -0.8961664E-02
   0.8420000E+02   -0.1564221E-01
   0.8430000E+02   -0.2215697E-01
   0.8440000E+02   -0.2695579E-01
   0.8450000E+02   -0.2883638E-01
   0.8460000E+02   -0.2723350E-01
   0.8470000E+02   -0.2237427E-01
   0.8480000E+02   -0.1528293E-01
   0.8490000E+02   -0.7547501E-02
   0.8500000E+02   -0.1010316E-02
   0.8510000E+02    0.2685835E-02
   0.8520000E+02    0.2471647E-02
   0.8530000E+02   -0.1847541E-02
   0.8540000E+02   -0.9504540E-02
   0.8550000E+02   -0.1888122E-01
   0.8560000E+02   -0.2783888E-01
   0.8570000E+02   -0.3418506E-01
   0.8580000E+02   -0.3618410E-01
   0.8590000E+02   -0.3300871E-01
   0.8600000E+02   -0.2498721E-01
   0.8610000E+02   -0.1364112E-01
   0.8620000E+02   -0.1427703E-02
   0.8630000E+02    0.8750025E-02
   0.8640000E+02    0.1416406E-01
   0.8650000E+02    0.1291112E-01
   0.8660000E+02    0.4432484E-02
   0.8670000E+02   -0.1020883E-01
   0.8680000E+02   -0.2836226E-01
   0.8690000E+02   -0.4617175E-01
   0.8700000E+02   -0.5923791E-01
   0.8710000E+02   -0.6342793E-01
   0.8720000E+02   -0.5572240E-01
   0.8730000E+02   -0.3488262E-01
   0.8740000E+02   -0.1852668E-02
   0.8750000E+02    0.4025628E-01
   0.8760000E+02    0.8655079E-01
   0.8770000E+02    0.1311062E+00
   0.8780000E+02    0.1679105E+00
   0.8790000E+02    0.1918687E+00
   0.8800000E+02    0.1996549E+00
   0.8810000E+02    0.1902706E+00
   0.8820000E+02    0.1652088E+00
   0.8830000E+02    0.1281776E+00
   0.8840000E+02    0.8447025E-01
   0.8850000E+02    0.4004906E-01
   0.8860000E+02    0.5679611E-03
   0.8870000E+02   -0.2952628E-01
   0.8880000E+02   -0.4763983E-01
   0.8890000E+02   -0.5331765E-01
   0.8900000E+02   -0.4814503E-01
   0.8910000E+02   -0.3528379E-01
   0.8920000E+02   -0.1876743E-01
   0.8930000E+02   -0.2689009E-02
   0.8940000E+02    0.9551231E-02
   0.8950000E+02    0.1580619E-01
   0.8960000E+02    0.1546083E-01
   0.8970000E+02    0.9374716E-02
   0.8980000E+02   -0.4525731E-03
   0.8990000E+02   -0.1140509E-01
   0.9000000E+02   -0.2087092E-01
   0.9010000E+02   -0.2678828E-01
   0.9020000E+02   -0.2804199E-01
   0.9030000E+02   -0.2462298E-01
   0.9040000E+02   -0.1754223E-01
   0.9050000E+02   -0.8527216E-02
   0.9060000E+02    0.3979855E-03
   0.9070000E+02    0.7380705E-02
   0.9080000E+02    0.1113191E-01
   0.9090000E+02    0.1116031E-01
   0.9100000E+02    0.7824233E-02
   0.9110000E+02    0.2190222E-02
   0.9120000E+02   -0.4254207E-02
   0.9130000E+02   -0.9960911E-02
   0.9140000E+02   -0.1367071E-01
   0.9150000E+02   -0.1467436E-01
   0.9160000E+02   -0.1293883E-01
   0.9170000E+02   -0.9050959E-02
   0.9180000E+02   -0.4074617E-02
   0.9190000E+02    0.7545191E-03
   0.9200000E+02    0.4307774E-02
   0.9210000E+02    0.5819594E-02
   0.9220000E+02    0.5046099E-02
   0.9230000E+02    0.2286300E-02
   0.9240000E+02   -0.1716127E-02
   0.9250000E+02   -0.5952534E-02
   0.9260000E+02   -0.9432844E-02
   0.9270000E+02   -0.1138085E-01
   0.9280000E+02   -0.1142239E-01
   0.9290000E+02   -0.9641006E-02
   0.9300000E+02   -0.6557605E-02
   0.9310000E+02   -0.2962623E-02
   0.9320000E+02    0.2622996E-03
   0.9330000E+02    0.2364465E-02
   0.9340000E+02    0.2888188E-02
   0.9350000E+02    0.1758721E-02
   0.9360000E+02   -0.6947485E-03
   0.9370000E+02   -0.3846409E-02
   0.9380000E+02   -0.6938819E-02
   0.9390000E+02   -0.9250265E-02
   0.9400000E+02   -0.1027376E-01
   0.9410000E+02   -0.9823739E-02
   0.9420000E+02   -0.8068070E-02
   0.9430000E+02   -0.5480369E-02
   0.9440000E+02   -0.2709517E-02
   0.9450000E+02   -0.4244075E-03
   0.9460000E+02    0.8373724E-03
   0.9470000E+02    0.8012600E-03
   0.9480000E+02   -0.4922455E-03
   0.9490000E+02   -0.2705030E-02
   0.9500000E+02   -0.5298973E-02
   0.9510000E+02   -0.7656746E-02
   0.9520000E+02   -0.9236568E-02
   0.9530000E+02   -0.9695658E-02
   0.9540000E+02   -0.8964960E-02
   0.9550000E+02   -0.7257495E-02
   0.9560000E+02   -0.5010761E-02
   0.9570000E+02   -0.2776052E-02
   0.9580000E+02   -0.1089536E-02
   0.9590000E+02   -0.3435143E-03
   0.9600000E+02   -0.7000343E-03
   0.9610000E+02   -0.2058101E-02
   0.9620000E+02   -0.4085453E-02
   0.9630000E+02   -0.6300472E-02
   0.9640000E+02   -0.8183048E-02
   0.9650000E+02   -0.9307813E-02
   0.9660000E+02   -0.9433416E-02
   0.9670000E+02   -0.8550649E-02
   0.9680000E+02   -0.6890108E-02
   0.9690000E+02   -0.4851246E-02
   0.9700000E+02   -0.2919957E-02
   0.9710000E+02   -0.1545519E-02
   0.9720000E+02   -0.1043915E-02
   0.9730000E+02   -0.1528165E-02
   0.9740000E+02   -0.2887345E-02
   0.9750000E+02   -0.4816421E-02
   0.9760000E+02   -0.6889677E-02
   0.9770000E+02   -0.8650826E-02
   0.9780000E+02   -0.9724921E-02
   0.9790000E+02   -0.9881345E-02
   0.9800000E+02   -0.9086032E-02
   0.9810000E+02   -0.7493790E-02
   0.9820000E+02   -0.5402051E-02
   0.9830000E+02   -0.3184846E-02
   0.9840000E+02   -0.1202323E-02
   0.9850000E+02    0.2734545E-03
   0.9860000E+02    0.1106264E-02
   0.9870000E+02    0.1314515E-02
   0.9880000E+02    0.1044561E-02
   0.9890000E+02    0.5299225E-03
   0.9900000E+02    0.1547171E-04
   0.9910000E+02   -0.2941111E-03
   0.9920000E+02   -0.2931337E-03
   0.9930000E+02    0.2547765E-04
   0.9940000E+02    0.5577085E-03
   0.9950000E+02    0.1135561E-02
   0.9960000E+02    0.1581464E-02
   0.9970000E+02    0.1751641E-02
   0.9980000E+02    0.1579004E-02
   0.9990000E+02    0.1086416E-02
   0.1000000E+03    0.3905419E-03
