   0.0000000E+00    0.1000000E+01
   0.1000000E+01   -0.5331345E-01
   0.2000000E+01   -0.5416478E-01
   0.3000000E+01   -0.4446246E-01
   0.4000000E+01   -0.4542767E-01
   0.5000000E+01   -0.4646391E-01
   0.6000000E+01   -0.4756015E-01
   0.7000000E+01    0.1772633E+00
   0.8000000E+01   -0.4979798E-01
   0.9000000E+01   -0.5088294E-01
   0.1000000E+02   -0.5195180E-01
   0.1100000E+02    0.1947091E+00
   0.1200000E+02   -0.4259816E-01
   0.1300000E+02   -0.4363957E-01
   0.1400000E+02   -0.3274310E-01
   0.1500000E+02   -0.3367791E-01
   0.1600000E+02   -0.3454702E-01
   0.1700000E+02   -0.3542957E-01
   0.1800000E+02    0.2198985E+00
   0.1900000E+02   -0.3754677E-01
   0.2000000E+02   -0.3879914E-01
   0.2100000E+02   -0.2714541E-01
   0.2200000E+02   -0.2828398E-01
   0.2300000E+02   -0.2916358E-01
   0.2400000E+02   -0.2986391E-01
   0.2500000E+02   -0.3058670E-01
   0.2600000E+02   -0.3154452E-01
   0.2700000E+02   -0.3283215E-01
   0.2800000E+02   -0.3436864E-01
   0.2900000E+02   -0.3594374E-01
   0.3000000E+02   -0.3733536E-01
   0.3100000E+02   -0.3844565E-01
   0.3200000E+02   -0.3936207E-01
   0.3300000E+02    0.2720292E+00
   0.3400000E+02   -0.4152560E-01
   0.3500000E+02   -0.4311962E-01
   0.3600000E+02   -0.4500311E-01
   0.3700000E+02    0.2852229E+00
   0.3800000E+02   -0.4868551E-01
   0.3900000E+02   -0.5012310E-01
   0.4000000E+02    0.2965757E+00
   0.4100000E+02   -0.5262437E-01
   0.4200000E+02   -0.5421342E-01
   0.4300000E+02   -0.5624503E-01
   0.4400000E+02   -0.5862270E-01
   0.4500000E+02   -0.6108182E-01
   0.4600000E+02   -0.6333751E-01
   0.4700000E+02   -0.6526053E-01
   0.4800000E+02   -0.4739024E-01
   0.4900000E+02   -0.4892415E-01
   0.5000000E+02   -0.5059026E-01
   0.5100000E+02    0.3725870E+00
   0.5200000E+02   -0.5495894E-01
   0.5300000E+02   -0.5759813E-01
   0.5400000E+02   -0.3825362E-01
   0.5500000E+02   -0.4039113E-01
   0.5600000E+02   -0.4202048E-01
   0.5700000E+02   -0.4335959E-01
   0.5800000E+02   -0.4486802E-01
   0.5900000E+02   -0.4698356E-01
   0.6000000E+02   -0.4986543E-01
   0.6100000E+02   -0.5329199E-01
   0.6200000E+02   -0.5677683E-01
   0.6300000E+02   -0.5985338E-01
   0.6400000E+02   -0.6236170E-01
   0.6500000E+02   -0.6456273E-01
   0.6600000E+02   -0.6702004E-01
   0.6700000E+02   -0.7028311E-01
   0.6800000E+02   -0.7456890E-01
   0.6900000E+02   -0.7962488E-01
   0.7000000E+02    0.6013977E+00
   0.7100000E+02   -0.8969549E-01
   0.7200000E+02   -0.9392566E-01
   0.7300000E+02   -0.9788196E-01
   0.7400000E+02   -0.1022992E+00
   0.7500000E+02   -0.1079208E+00
   0.7600000E+02   -0.1150826E+00
   0.7700000E+02    0.7622590E+00
   0.7800000E+02   -0.1324804E+00
   0.7900000E+02   -0.1412410E+00
   0.8000000E+02   -0.1495384E+00
   0.8100000E+02   -0.1059577E+00
   0.8200000E+02   -0.1130454E+00
   0.8300000E+02   -0.1214800E+00
   0.8400000E+02   -0.1319556E+00
   0.8500000E+02   -0.1446910E+00
   0.8600000E+02   -0.1593638E+00
   0.8700000E+02   -0.1754148E+00
   0.8800000E+02    0.1525188E+01
   0.8900000E+02   -0.1254790E+00
   0.9000000E+02   -0.1390339E+00
   0.9100000E+02   -0.5170392E-01
   0.9200000E+02   -0.6257790E-01
   0.9300000E+02   -0.7753172E-01
   0.9400000E+02   -0.9789636E-01
   0.9500000E+02   -0.1251100E+00
   0.9600000E+02   -0.1617230E+00
   0.9700000E+02   -0.2139082E+00
   0.9800000E+02   -0.2982246E+00
   0.9900000E+02    0.5278792E-01
   0.1000000E+03    0.5204671E-01
