   0.0000000E+00    0.1000000E+01
   0.1000000E+00    0.9591429E+00
   0.2000000E+00    0.8404832E+00
   0.3000000E+00    0.6609414E+00
   0.4000000E+00    0.4456756E+00
   0.5000000E+00    0.2238551E+00
   0.6000000E+00    0.2382291E-01
   0.7000000E+00   -0.1314156E+00
   0.8000000E+00   -0.2276298E+00
   0.9000000E+00   -0.2611167E+00
   0.1000000E+01   -0.2385196E+00
   0.1100000E+01   -0.1748326E+00
   0.1200000E+01   -0.9004651E-01
   0.1300000E+01   -0.5125368E-02
   0.1400000E+01    0.6189370E-01
   0.1500000E+01    0.9894868E-01
   0.1600000E+01    0.1016261E+00
   0.1700000E+01    0.7322401E-01
   0.1800000E+01    0.2328986E-01
   0.1900000E+01   -0.3494483E-01
   0.2000000E+01   -0.8767679E-01
   0.2100000E+01   -0.1235030E+00
   0.2200000E+01   -0.1356618E+00
   0.2300000E+01   -0.1231293E+00
   0.2400000E+01   -0.9041777E-01
   0.2500000E+01   -0.4620095E-01
   0.2600000E+01   -0.1138280E-02
   0.2700000E+01    0.3460131E-01
   0.2800000E+01    0.5355366E-01
   0.2900000E+01    0.5245577E-01
   0.3000000E+01    0.3273582E-01
   0.3100000E+01   -0.5701789E-04
   0.3200000E+01   -0.3770514E-01
   0.3300000E+01   -0.7129619E-01
   0.3400000E+01   -0.9325916E-01
   0.3500000E+01   -0.9901110E-01
   0.3600000E+01   -0.8786747E-01
   0.3700000E+01   -0.6303849E-01
   0.3800000E+01   -0.3076512E-01
   0.3900000E+01    0.1210902E-02
   0.4000000E+01    0.2544853E-01
   0.4100000E+01    0.3649160E-01
   0.4200000E+01    0.3205441E-01
   0.4300000E+01    0.1346280E-01
   0.4400000E+01   -0.1472866E-01
   0.4500000E+01   -0.4583172E-01
   0.4600000E+01   -0.7258755E-01
   0.4700000E+01   -0.8880882E-01
   0.4800000E+01   -0.9078202E-01
   0.4900000E+01   -0.7806947E-01
   0.5000000E+01   -0.5360164E-01
   0.5100000E+01   -0.2299898E-01
   0.5200000E+01    0.6679688E-02
   0.5300000E+01    0.2851511E-01
   0.5400000E+01    0.3724504E-01
   0.5500000E+01    0.3045833E-01
   0.5600000E+01    0.9153904E-02
   0.5700000E+01   -0.2240495E-01
   0.5800000E+01   -0.5752879E-01
   0.5900000E+01   -0.8843537E-01
   0.6000000E+01   -0.1077954E+00
   0.6100000E+01   -0.1102009E+00
   0.6200000E+01   -0.9323630E-01
   0.6300000E+01   -0.5794884E-01
   0.6400000E+01   -0.8679321E-02
   0.6500000E+01    0.4777552E-01
   0.6600000E+01    0.1033726E+00
   0.6700000E+01    0.1502835E+00
   0.6800000E+01    0.1822184E+00
   0.6900000E+01    0.1954335E+00
   0.7000000E+01    0.1892102E+00
   0.7100000E+01    0.1657871E+00
   0.7200000E+01    0.1297569E+00
   0.7300000E+01    0.8710031E-01
   0.7400000E+01    0.4405701E-01
   0.7500000E+01    0.6053526E-02
   0.7600000E+01   -0.2311083E-01
   0.7700000E+01   -0.4168528E-01
   0.7800000E+01   -0.4999315E-01
   0.7900000E+01   -0.5002829E-01
   0.8000000E+01   -0.4481459E-01
   0.8100000E+01   -0.3763839E-01
   0.8200000E+01   -0.3133372E-01
   0.8300000E+01   -0.2775509E-01
   0.8400000E+01   -0.2754153E-01
   0.8500000E+01   -0.3014639E-01
   0.8600000E+01   -0.3417900E-01
   0.8700000E+01   -0.3785391E-01
   0.8800000E+01   -0.3956678E-01
   0.8900000E+01   -0.3830971E-01
   0.9000000E+01   -0.3398668E-01
   0.9100000E+01   -0.2745521E-01
   0.9200000E+01   -0.2035535E-01
   0.9300000E+01   -0.1472459E-01
   0.9400000E+01   -0.1251498E-01
   0.9500000E+01   -0.1508350E-01
   0.9600000E+01   -0.2278721E-01
   0.9700000E+01   -0.3476084E-01
   0.9800000E+01   -0.4893108E-01
   0.9900000E+01   -0.6227132E-01
   0.1000000E+02   -0.7128877E-01
   0.1010000E+02   -0.7261999E-01
   0.1020000E+02   -0.6367974E-01
   0.1030000E+02   -0.4322047E-01
   0.1040000E+02   -0.1170718E-01
   0.1050000E+02    0.2857156E-01
   0.1060000E+02    0.7369304E-01
   0.1070000E+02    0.1185792E+00
   0.1080000E+02    0.1576875E+00
   0.1090000E+02    0.1858622E+00
   0.1100000E+02    0.1991086E+00
   0.1110000E+02    0.1952895E+00
   0.1120000E+02    0.1745153E+00
   0.1130000E+02    0.1392090E+00
   0.1140000E+02    0.9378691E-01
   0.1150000E+02    0.4402709E-01
   0.1160000E+02   -0.3809756E-02
   0.1170000E+02   -0.4394645E-01
   0.1180000E+02   -0.7198470E-01
   0.1190000E+02   -0.8557782E-01
   0.1200000E+02   -0.8474560E-01
   0.1210000E+02   -0.7179575E-01
   0.1220000E+02   -0.5083855E-01
   0.1230000E+02   -0.2699981E-01
   0.1240000E+02   -0.5458063E-02
   0.1250000E+02    0.9494483E-02
   0.1260000E+02    0.1520742E-01
   0.1270000E+02    0.1109798E-01
   0.1280000E+02   -0.1340896E-02
   0.1290000E+02   -0.1892335E-01
   0.1300000E+02   -0.3751108E-01
   0.1310000E+02   -0.5289334E-01
   0.1320000E+02   -0.6168549E-01
   0.1330000E+02   -0.6202509E-01
   0.1340000E+02   -0.5394084E-01
   0.1350000E+02   -0.3930633E-01
   0.1360000E+02   -0.2140347E-01
   0.1370000E+02   -0.4184279E-02
   0.1380000E+02    0.8607952E-02
   0.1390000E+02    0.1425355E-01
   0.1400000E+02    0.1166975E-01
   0.1410000E+02    0.1621364E-02
   0.1420000E+02   -0.1345167E-01
   0.1430000E+02   -0.2999140E-01
   0.1440000E+02   -0.4413735E-01
   0.1450000E+02   -0.5259006E-01
   0.1460000E+02   -0.5338287E-01
   0.1470000E+02   -0.4632789E-01
   0.1480000E+02   -0.3307616E-01
   0.1490000E+02   -0.1674187E-01
   0.1500000E+02   -0.1210898E-02
   0.1510000E+02    0.9771817E-02
   0.1520000E+02    0.1347200E-01
   0.1530000E+02    0.8829577E-02
   0.1540000E+02   -0.3253640E-02
   0.1550000E+02   -0.2007513E-01
   0.1560000E+02   -0.3771613E-01
   0.1570000E+02   -0.5192619E-01
   0.1580000E+02   -0.5911545E-01
   0.1590000E+02   -0.5722739E-01
   0.1600000E+02   -0.4629100E-01
   0.1610000E+02   -0.2851249E-01
   0.1620000E+02   -0.7869495E-02
   0.1630000E+02    0.1072959E-01
   0.1640000E+02    0.2252581E-01
   0.1650000E+02    0.2403993E-01
   0.1660000E+02    0.1396459E-01
   0.1670000E+02   -0.6370061E-02
   0.1680000E+02   -0.3307461E-01
   0.1690000E+02   -0.6032692E-01
   0.1700000E+02   -0.8147344E-01
   0.1710000E+02   -0.9032992E-01
   0.1720000E+02   -0.8248086E-01
   0.1730000E+02   -0.5626848E-01
   0.1740000E+02   -0.1329016E-01
   0.1750000E+02    0.4172977E-01
   0.1760000E+02    0.1016653E+00
   0.1770000E+02    0.1581881E+00
   0.1780000E+02    0.2032085E+00
   0.1790000E+02    0.2302803E+00
   0.1800000E+02    0.2357113E+00
   0.1810000E+02    0.2191539E+00
   0.1820000E+02    0.1835905E+00
   0.1830000E+02    0.1347208E+00
   0.1840000E+02    0.7988540E-01
   0.1850000E+02    0.2674587E-01
   0.1860000E+02   -0.1802133E-01
   0.1870000E+02   -0.4977254E-01
   0.1880000E+02   -0.6650313E-01
   0.1890000E+02   -0.6892344E-01
   0.1900000E+02   -0.6003938E-01
   0.1910000E+02   -0.4431873E-01
   0.1920000E+02   -0.2669776E-01
   0.1930000E+02   -0.1157744E-01
   0.1940000E+02   -0.2044960E-02
   0.1950000E+02    0.5575198E-03
   0.1960000E+02   -0.3342157E-02
   0.1970000E+02   -0.1187912E-01
   0.1980000E+02   -0.2237178E-01
   0.1990000E+02   -0.3201166E-01
   0.2000000E+02   -0.3852313E-01
   0.2010000E+02   -0.4061853E-01
   0.2020000E+02   -0.3818173E-01
   0.2030000E+02   -0.3216415E-01
   0.2040000E+02   -0.2424859E-01
   0.2050000E+02   -0.1636932E-01
   0.2060000E+02   -0.1024562E-01
   0.2070000E+02   -0.6989566E-02
   0.2080000E+02   -0.6906622E-02
   0.2090000E+02   -0.9515093E-02
   0.2100000E+02   -0.1374882E-01
   0.2110000E+02   -0.1827757E-01
   0.2120000E+02   -0.2186721E-01
   0.2130000E+02   -0.2367899E-01
   0.2140000E+02   -0.2343332E-01
   0.2150000E+02   -0.2144553E-01
   0.2160000E+02   -0.1845650E-01
   0.2170000E+02   -0.1541875E-01
   0.2180000E+02   -0.1321036E-01
   0.2190000E+02   -0.1241540E-01
   0.2200000E+02   -0.1317068E-01
   0.2210000E+02   -0.1517587E-01
   0.2220000E+02   -0.1779228E-01
   0.2230000E+02   -0.2024495E-01
   0.2240000E+02   -0.2184534E-01
   0.2250000E+02   -0.2217522E-01
   0.2260000E+02   -0.2120057E-01
   0.2270000E+02   -0.1925826E-01
   0.2280000E+02   -0.1695429E-01
   0.2290000E+02   -0.1498312E-01
   0.2300000E+02   -0.1393200E-01
   0.2310000E+02   -0.1411560E-01
   0.2320000E+02   -0.1549240E-01
   0.2330000E+02   -0.1767924E-01
   0.2340000E+02   -0.2006387E-01
   0.2350000E+02   -0.2197165E-01
   0.2360000E+02   -0.2286454E-01
   0.2370000E+02   -0.2248282E-01
   0.2380000E+02   -0.2092394E-01
   0.2390000E+02   -0.1861730E-01
   0.2400000E+02   -0.1620856E-01
   0.2410000E+02   -0.1438348E-01
   0.2420000E+02   -0.1367585E-01
   0.2430000E+02   -0.1433322E-01
   0.2440000E+02   -0.1621398E-01
   0.2450000E+02   -0.1884861E-01
   0.2460000E+02   -0.2154586E-01
   0.2470000E+02   -0.2358035E-01
   0.2480000E+02   -0.2438581E-01
   0.2490000E+02   -0.2371774E-01
   0.2500000E+02   -0.2172525E-01
   0.2510000E+02   -0.1891793E-01
   0.2520000E+02   -0.1604602E-01
   0.2530000E+02   -0.1389368E-01
   0.2540000E+02   -0.1307912E-01
   0.2550000E+02   -0.1388461E-01
   0.2560000E+02   -0.1616086E-01
   0.2570000E+02   -0.1936580E-01
   0.2580000E+02   -0.2269096E-01
   0.2590000E+02   -0.2527073E-01
   0.2600000E+02   -0.2640879E-01
   0.2610000E+02   -0.2577050E-01
   0.2620000E+02   -0.2348040E-01
   0.2630000E+02   -0.2010804E-01
   0.2640000E+02   -0.1652833E-01
   0.2650000E+02   -0.1370273E-01
   0.2660000E+02   -0.1242871E-01
   0.2670000E+02   -0.1311939E-01
   0.2680000E+02   -0.1569012E-01
   0.2690000E+02   -0.1955452E-01
   0.2700000E+02   -0.2376208E-01
   0.2710000E+02   -0.2724089E-01
   0.2720000E+02   -0.2906855E-01
   0.2730000E+02   -0.2871784E-01
   0.2740000E+02   -0.2622169E-01
   0.2750000E+02   -0.2217465E-01
   0.2760000E+02   -0.1760406E-01
   0.2770000E+02   -0.1371824E-01
   0.2780000E+02   -0.1159622E-01
   0.2790000E+02   -0.1189956E-01
   0.2800000E+02   -0.1468109E-01
   0.2810000E+02   -0.1934459E-01
   0.2820000E+02   -0.2477289E-01
   0.2830000E+02   -0.2959375E-01
   0.2840000E+02   -0.3253491E-01
   0.2850000E+02   -0.3275186E-01
   0.2860000E+02   -0.3008023E-01
   0.2870000E+02   -0.2510474E-01
   0.2880000E+02   -0.1904899E-01
   0.2890000E+02   -0.1347578E-01
   0.2900000E+02   -0.9918638E-02
   0.2910000E+02   -0.9455891E-02
   0.2920000E+02   -0.1240694E-01
   0.2930000E+02   -0.1821685E-01
   0.2940000E+02   -0.2554172E-01
   0.2950000E+02   -0.3254972E-01
   0.2960000E+02   -0.3738393E-01
   0.2970000E+02   -0.3863720E-01
   0.2980000E+02   -0.3575702E-01
   0.2990000E+02   -0.2924239E-01
   0.3000000E+02   -0.2059264E-01
   0.3010000E+02   -0.1198211E-01
   0.3020000E+02   -0.5737446E-02
   0.3030000E+02   -0.3741136E-02
   0.3040000E+02   -0.6903299E-02
   0.3050000E+02   -0.1483366E-01
   0.3060000E+02   -0.2585162E-01
   0.3070000E+02   -0.3729811E-01
   0.3080000E+02   -0.4613195E-01
   0.3090000E+02   -0.4972573E-01
   0.3100000E+02   -0.4656181E-01
   0.3110000E+02   -0.3674848E-01
   0.3120000E+02   -0.2218267E-01
   0.3130000E+02   -0.6252016E-02
   0.3140000E+02    0.6860338E-02
   0.3150000E+02    0.1315369E-01
   0.3160000E+02    0.9857968E-02
   0.3170000E+02   -0.3690420E-02
   0.3180000E+02   -0.2557057E-01
   0.3190000E+02   -0.5134793E-01
   0.3200000E+02   -0.7473595E-01
   0.3210000E+02   -0.8875064E-01
   0.3220000E+02   -0.8715439E-01
   0.3230000E+02   -0.6587905E-01
   0.3240000E+02   -0.2416286E-01
   0.3250000E+02    0.3493887E-01
   0.3260000E+02    0.1047497E+00
   0.3270000E+02    0.1759295E+00
   0.3280000E+02    0.2380218E+00
   0.3290000E+02    0.2813236E+00
   0.3300000E+02    0.2986899E+00
   0.3310000E+02    0.2869379E+00
   0.3320000E+02    0.2475276E+00
   0.3330000E+02    0.1863768E+00
   0.3340000E+02    0.1128251E+00
   0.3350000E+02    0.3793627E-01
   0.3360000E+02   -0.2752263E-01
   0.3370000E+02   -0.7502487E-01
   0.3380000E+02   -0.9977690E-01
   0.3390000E+02   -0.1014330E+00
   0.3400000E+02   -0.8389945E-01
   0.3410000E+02   -0.5433821E-01
   0.3420000E+02   -0.2149436E-01
   0.3430000E+02    0.6201261E-02
   0.3440000E+02    0.2239711E-01
   0.3450000E+02    0.2405613E-01
   0.3460000E+02    0.1191665E-01
   0.3470000E+02   -0.9909308E-02
   0.3480000E+02   -0.3509608E-01
   0.3490000E+02   -0.5672932E-01
   0.3500000E+02   -0.6904619E-01
   0.3510000E+02   -0.6885739E-01
   0.3520000E+02   -0.5633953E-01
   0.3530000E+02   -0.3499678E-01
   0.3540000E+02   -0.1080487E-01
   0.3550000E+02    0.9269449E-02
   0.3560000E+02    0.1906738E-01
   0.3570000E+02    0.1488893E-01
   0.3580000E+02   -0.3361982E-02
   0.3590000E+02   -0.3184460E-01
   0.3600000E+02   -0.6336146E-01
   0.3610000E+02   -0.8877637E-01
   0.3620000E+02   -0.9897226E-01
   0.3630000E+02   -0.8694564E-01
   0.3640000E+02   -0.4957696E-01
   0.3650000E+02    0.1132892E-01
   0.3660000E+02    0.8897929E-01
   0.3670000E+02    0.1725845E+00
   0.3680000E+02    0.2492215E+00
   0.3690000E+02    0.3061975E+00
   0.3700000E+02    0.3335054E+00
   0.3710000E+02    0.3257971E+00
   0.3720000E+02    0.2835310E+00
   0.3730000E+02    0.2129767E+00
   0.3740000E+02    0.1251482E+00
   0.3750000E+02    0.3378552E-01
   0.3760000E+02   -0.4717528E-01
   0.3770000E+02   -0.1061663E+00
   0.3780000E+02   -0.1360602E+00
   0.3790000E+02   -0.1353922E+00
   0.3800000E+02   -0.1084254E+00
   0.3810000E+02   -0.6413684E-01
   0.3820000E+02   -0.1429003E-01
   0.3830000E+02    0.2899391E-01
   0.3840000E+02    0.5567148E-01
   0.3850000E+02    0.5976654E-01
   0.3860000E+02    0.4048261E-01
   0.3870000E+02    0.2285063E-02
   0.3880000E+02   -0.4607752E-01
   0.3890000E+02   -0.9336322E-01
   0.3900000E+02   -0.1281134E+00
   0.3910000E+02   -0.1409144E+00
   0.3920000E+02   -0.1262331E+00
   0.3930000E+02   -0.8349166E-01
   0.3940000E+02   -0.1716774E-01
   0.3950000E+02    0.6403498E-01
   0.3960000E+02    0.1487706E+00
   0.3970000E+02    0.2250701E+00
   0.3980000E+02    0.2823871E+00
   0.3990000E+02    0.3133088E+00
   0.4000000E+02    0.3146354E+00
   0.4010000E+02    0.2876591E+00
   0.4020000E+02    0.2376657E+00
   0.4030000E+02    0.1727835E+00
   0.4040000E+02    0.1024684E+00
   0.4050000E+02    0.3585540E-01
   0.4060000E+02   -0.1961306E-01
   0.4070000E+02   -0.5915768E-01
   0.4080000E+02   -0.8108317E-01
   0.4090000E+02   -0.8658258E-01
   0.4100000E+02   -0.7912474E-01
   0.4110000E+02   -0.6350230E-01
   0.4120000E+02   -0.4481587E-01
   0.4130000E+02   -0.2755722E-01
   0.4140000E+02   -0.1495081E-01
   0.4150000E+02   -0.8629815E-02
   0.4160000E+02   -0.8670692E-02
   0.4170000E+02   -0.1387454E-01
   0.4180000E+02   -0.2226571E-01
   0.4190000E+02   -0.3161023E-01
   0.4200000E+02   -0.3989730E-01
   0.4210000E+02   -0.4568099E-01
   0.4220000E+02   -0.4825358E-01
   0.4230000E+02   -0.4763338E-01
   0.4240000E+02   -0.4443594E-01
   0.4250000E+02   -0.3965213E-01
   0.4260000E+02   -0.3441246E-01
   0.4270000E+02   -0.2975674E-01
   0.4280000E+02   -0.2648436E-01
   0.4290000E+02   -0.2505567E-01
   0.4300000E+02   -0.2557170E-01
   0.4310000E+02   -0.2780308E-01
   0.4320000E+02   -0.3126222E-01
   0.4330000E+02   -0.3529622E-01
   0.4340000E+02   -0.3919204E-01
   0.4350000E+02   -0.4228277E-01
   0.4360000E+02   -0.4404865E-01
   0.4370000E+02   -0.4419466E-01
   0.4380000E+02   -0.4271299E-01
   0.4390000E+02   -0.3989025E-01
   0.4400000E+02   -0.3628211E-01
   0.4410000E+02   -0.3261823E-01
   0.4420000E+02   -0.2967784E-01
   0.4430000E+02   -0.2813916E-01
   0.4440000E+02   -0.2842492E-01
   0.4450000E+02   -0.3058590E-01
   0.4460000E+02   -0.3428268E-01
   0.4470000E+02   -0.3880683E-01
   0.4480000E+02   -0.4321695E-01
   0.4490000E+02   -0.4653881E-01
   0.4500000E+02   -0.4798854E-01
   0.4510000E+02   -0.4716369E-01
   0.4520000E+02   -0.4417110E-01
   0.4530000E+02   -0.3962365E-01
   0.4540000E+02   -0.3455688E-01
   0.4550000E+02   -0.3017376E-01
   0.4560000E+02   -0.2759857E-01
   0.4570000E+02   -0.2757810E-01
   0.4580000E+02   -0.3028235E-01
   0.4590000E+02   -0.3523365E-01
   0.4600000E+02   -0.4137367E-01
   0.4610000E+02   -0.4729365E-01
   0.4620000E+02   -0.5156496E-01
   0.4630000E+02   -0.5306746E-01
   0.4640000E+02   -0.5133536E-01
   0.4650000E+02   -0.4666368E-01
   0.4660000E+02   -0.4010749E-01
   0.4670000E+02   -0.3325002E-01
   0.4680000E+02   -0.2784637E-01
   0.4690000E+02   -0.2537241E-01
   0.4700000E+02   -0.2663455E-01
   0.4710000E+02   -0.3150771E-01
   0.4720000E+02   -0.3889621E-01
   0.4730000E+02   -0.4692865E-01
   0.4740000E+02   -0.5338341E-01
   0.4750000E+02   -0.5621310E-01
   0.4760000E+02   -0.5408803E-01
   0.4770000E+02   -0.4679817E-01
   0.4780000E+02   -0.3541202E-01
   0.4790000E+02   -0.2212876E-01
   0.4800000E+02   -0.9844505E-02
   0.4810000E+02   -0.1499675E-02
   0.4820000E+02    0.6346913E-03
   0.4830000E+02   -0.4427946E-02
   0.4840000E+02   -0.1602988E-01
   0.4850000E+02   -0.3188579E-01
   0.4860000E+02   -0.4848167E-01
   0.4870000E+02   -0.6181806E-01
   0.4880000E+02   -0.6832606E-01
   0.4890000E+02   -0.6577625E-01
   0.4900000E+02   -0.5393452E-01
   0.4910000E+02   -0.3483416E-01
   0.4920000E+02   -0.1250482E-01
   0.4930000E+02    0.7791607E-02
   0.4940000E+02    0.2064521E-01
   0.4950000E+02    0.2181204E-01
   0.4960000E+02    0.9331477E-02
   0.4970000E+02   -0.1569675E-01
   0.4980000E+02   -0.4899262E-01
   0.4990000E+02   -0.8357879E-01
   0.5000000E+02   -0.1109499E+00
   0.5010000E+02   -0.1226486E+00
   0.5020000E+02   -0.1119955E+00
   0.5030000E+02   -0.7559175E-01
   0.5040000E+02   -0.1432460E-01
   0.5050000E+02    0.6641584E-01
   0.5060000E+02    0.1573337E+00
   0.5070000E+02    0.2466207E+00
   0.5080000E+02    0.3218684E+00
   0.5090000E+02    0.3721758E+00
   0.5100000E+02    0.3900480E+00
   0.5110000E+02    0.3727266E+00
   0.5120000E+02    0.3226936E+00
   0.5130000E+02    0.2472665E+00
   0.5140000E+02    0.1572842E+00
   0.5150000E+02    0.6527142E-01
   0.5160000E+02   -0.1671864E-01
   0.5170000E+02   -0.7908485E-01
   0.5180000E+02   -0.1161497E+00
   0.5190000E+02   -0.1268593E+00
   0.5200000E+02   -0.1146090E+00
   0.5210000E+02   -0.8626667E-01
   0.5220000E+02   -0.5061772E-01
   0.5230000E+02   -0.1656014E-01
   0.5240000E+02    0.8582678E-02
   0.5250000E+02    0.2031504E-01
   0.5260000E+02    0.1755918E-01
   0.5270000E+02    0.2527552E-02
   0.5280000E+02   -0.2009315E-01
   0.5290000E+02   -0.4435517E-01
   0.5300000E+02   -0.6446606E-01
   0.5310000E+02   -0.7603034E-01
   0.5320000E+02   -0.7690587E-01
   0.5330000E+02   -0.6749849E-01
   0.5340000E+02   -0.5048775E-01
   0.5350000E+02   -0.3005180E-01
   0.5360000E+02   -0.1085122E-01
   0.5370000E+02    0.3076591E-02
   0.5380000E+02    0.9144872E-02
   0.5390000E+02    0.6731125E-02
   0.5400000E+02   -0.2842981E-02
   0.5410000E+02   -0.1672921E-01
   0.5420000E+02   -0.3131594E-01
   0.5430000E+02   -0.4309945E-01
   0.5440000E+02   -0.4949374E-01
   0.5450000E+02   -0.4935700E-01
   0.5460000E+02   -0.4317997E-01
   0.5470000E+02   -0.3285440E-01
   0.5480000E+02   -0.2114849E-01
   0.5490000E+02   -0.1099842E-01
   0.5500000E+02   -0.4801167E-02
   0.5510000E+02   -0.3872832E-02
   0.5520000E+02   -0.8195780E-02
   0.5530000E+02   -0.1647006E-01
   0.5540000E+02   -0.2653399E-01
   0.5550000E+02   -0.3587468E-01
   0.5560000E+02   -0.4228329E-01
   0.5570000E+02   -0.4435211E-01
   0.5580000E+02   -0.4179913E-01
   0.5590000E+02   -0.3547045E-01
   0.5600000E+02   -0.2709002E-01
   0.5610000E+02   -0.1881303E-01
   0.5620000E+02   -0.1267764E-01
   0.5630000E+02   -0.1012033E-01
   0.5640000E+02   -0.1164429E-01
   0.5650000E+02   -0.1674001E-01
   0.5660000E+02   -0.2404648E-01
   0.5670000E+02   -0.3170950E-01
   0.5680000E+02   -0.3785660E-01
   0.5690000E+02   -0.4105377E-01
   0.5700000E+02   -0.4064065E-01
   0.5710000E+02   -0.3686543E-01
   0.5720000E+02   -0.3079330E-01
   0.5730000E+02   -0.2401816E-01
   0.5740000E+02   -0.1825430E-01
   0.5750000E+02   -0.1491164E-01
   0.5760000E+02   -0.1475904E-01
   0.5770000E+02   -0.1775602E-01
   0.5780000E+02   -0.2308333E-01
   0.5790000E+02   -0.2938130E-01
   0.5800000E+02   -0.3508276E-01
   0.5810000E+02   -0.3882194E-01
   0.5820000E+02   -0.3976112E-01
   0.5830000E+02   -0.3777604E-01
   0.5840000E+02   -0.3347619E-01
   0.5850000E+02   -0.2803255E-01
   0.5860000E+02   -0.2286282E-01
   0.5870000E+02   -0.1928002E-01
   0.5880000E+02   -0.1816698E-01
   0.5890000E+02   -0.1976795E-01
   0.5900000E+02   -0.2364479E-01
   0.5910000E+02   -0.2880375E-01
   0.5920000E+02   -0.3395847E-01
   0.5930000E+02   -0.3785813E-01
   0.5940000E+02   -0.3959665E-01
   0.5950000E+02   -0.3884168E-01
   0.5960000E+02   -0.3589373E-01
   0.5970000E+02   -0.3159111E-01
   0.5980000E+02   -0.2710906E-01
   0.5990000E+02   -0.2361994E-01
   0.6000000E+02   -0.2205478E-01
   0.6010000E+02   -0.2278928E-01
   0.6020000E+02   -0.2564102E-01
   0.6030000E+02   -0.2988460E-01
   0.6040000E+02   -0.3446194E-01
   0.6050000E+02   -0.3824218E-01
   0.6060000E+02   -0.4033945E-01
   0.6070000E+02   -0.4030639E-01
   0.6080000E+02   -0.3825687E-01
   0.6090000E+02   -0.3481093E-01
   0.6100000E+02   -0.3095030E-01
   0.6110000E+02   -0.2773554E-01
   0.6120000E+02   -0.2604408E-01
   0.6130000E+02   -0.2634063E-01
   0.6140000E+02   -0.2856964E-01
   0.6150000E+02   -0.3216872E-01
   0.6160000E+02   -0.3623024E-01
   0.6170000E+02   -0.3973458E-01
   0.6180000E+02   -0.4182359E-01
   0.6190000E+02   -0.4202516E-01
   0.6200000E+02   -0.4036315E-01
   0.6210000E+02   -0.3735885E-01
   0.6220000E+02   -0.3388314E-01
   0.6230000E+02   -0.3092669E-01
   0.6240000E+02   -0.2933285E-01
   0.6250000E+02   -0.2956711E-01
   0.6260000E+02   -0.3161994E-01
   0.6270000E+02   -0.3497837E-01
   0.6280000E+02   -0.3877591E-01
   0.6290000E+02   -0.4202436E-01
   0.6300000E+02   -0.4388252E-01
   0.6310000E+02   -0.4387969E-01
   0.6320000E+02   -0.4204540E-01
   0.6330000E+02   -0.3891284E-01
   0.6340000E+02   -0.3538695E-01
   0.6350000E+02   -0.3247841E-01
   0.6360000E+02   -0.3105713E-01
   0.6370000E+02   -0.3159498E-01
   0.6380000E+02   -0.3403787E-01
   0.6390000E+02   -0.3778868E-01
   0.6400000E+02   -0.4188236E-01
   0.6410000E+02   -0.4521687E-01
   0.6420000E+02   -0.4686425E-01
   0.6430000E+02   -0.4633059E-01
   0.6440000E+02   -0.4371116E-01
   0.6450000E+02   -0.3968060E-01
   0.6460000E+02   -0.3534846E-01
   0.6470000E+02   -0.3195697E-01
   0.6480000E+02   -0.3055575E-01
   0.6490000E+02   -0.3168803E-01
   0.6500000E+02   -0.3523754E-01
   0.6510000E+02   -0.4039846E-01
   0.6520000E+02   -0.4587019E-01
   0.6530000E+02   -0.5017308E-01
   0.6540000E+02   -0.5207680E-01
   0.6550000E+02   -0.5089126E-01
   0.6560000E+02   -0.4676298E-01
   0.6570000E+02   -0.4064907E-01
   0.6580000E+02   -0.3413394E-01
   0.6590000E+02   -0.2902976E-01
   0.6600000E+02   -0.2692339E-01
   0.6610000E+02   -0.2870488E-01
   0.6620000E+02   -0.3428021E-01
   0.6630000E+02   -0.4251220E-01
   0.6640000E+02   -0.5144211E-01
   0.6650000E+02   -0.5872913E-01
   0.6660000E+02   -0.6228555E-01
   0.6670000E+02   -0.6079687E-01
   0.6680000E+02   -0.5422680E-01
   0.6690000E+02   -0.4388388E-01
   0.6700000E+02   -0.3223865E-01
   0.6710000E+02   -0.2237297E-01
   0.6720000E+02   -0.1724031E-01
   0.6730000E+02   -0.1883648E-01
   0.6740000E+02   -0.2759632E-01
   0.6750000E+02   -0.4210012E-01
   0.6760000E+02   -0.5920830E-01
   0.6770000E+02   -0.7470983E-01
   0.6780000E+02   -0.8428095E-01
   0.6790000E+02   -0.8459404E-01
   0.6800000E+02   -0.7432456E-01
   0.6810000E+02   -0.5475274E-01
   0.6820000E+02   -0.2980067E-01
   0.6830000E+02   -0.5404345E-02
   0.6840000E+02    0.1168606E-01
   0.6850000E+02    0.1550899E-01
   0.6860000E+02    0.2489327E-02
   0.6870000E+02   -0.2726008E-01
   0.6880000E+02   -0.6932583E-01
   0.6890000E+02   -0.1152275E+00
   0.6900000E+02   -0.1536865E+00
   0.6910000E+02   -0.1725068E+00
   0.6920000E+02   -0.1610612E+00
   0.6930000E+02   -0.1126363E+00
   0.6940000E+02   -0.2630651E-01
   0.6950000E+02    0.9212919E-01
   0.6960000E+02    0.2305073E+00
   0.6970000E+02    0.3718221E+00
   0.6980000E+02    0.4967948E+00
   0.6990000E+02    0.5871039E+00
   0.7000000E+02    0.6285703E+00
   0.7010000E+02    0.6137722E+00
   0.7020000E+02    0.5435692E+00
   0.7030000E+02    0.4271295E+00
   0.7040000E+02    0.2805553E+00
   0.7050000E+02    0.1241970E+00
   0.7060000E+02   -0.2079797E-01
   0.7070000E+02   -0.1360239E+00
   0.7080000E+02   -0.2089104E+00
   0.7090000E+02   -0.2345852E+00
   0.7100000E+02   -0.2164259E+00
   0.7110000E+02   -0.1649578E+00
   0.7120000E+02   -0.9554295E-01
   0.7130000E+02   -0.2520969E-01
   0.7140000E+02    0.3064687E-01
   0.7150000E+02    0.6114655E-01
   0.7160000E+02    0.6172020E-01
   0.7170000E+02    0.3459055E-01
   0.7180000E+02   -0.1216455E-01
   0.7190000E+02   -0.6669221E-01
   0.7200000E+02   -0.1161567E+00
   0.7210000E+02   -0.1495341E+00
   0.7220000E+02   -0.1599795E+00
   0.7230000E+02   -0.1461575E+00
   0.7240000E+02   -0.1122605E+00
   0.7250000E+02   -0.6692755E-01
   0.7260000E+02   -0.2112557E-01
   0.7270000E+02    0.1438113E-01
   0.7280000E+02    0.3149092E-01
   0.7290000E+02    0.2648571E-01
   0.7300000E+02    0.8481358E-03
   0.7310000E+02   -0.3919312E-01
   0.7320000E+02   -0.8414745E-01
   0.7330000E+02   -0.1234642E+00
   0.7340000E+02   -0.1479723E+00
   0.7350000E+02   -0.1519644E+00
   0.7360000E+02   -0.1345097E+00
   0.7370000E+02   -0.9966637E-01
   0.7380000E+02   -0.5556813E-01
   0.7390000E+02   -0.1258047E-01
   0.7400000E+02    0.1906079E-01
   0.7410000E+02    0.3160221E-01
   0.7420000E+02    0.2158969E-01
   0.7430000E+02   -0.9258796E-02
   0.7440000E+02   -0.5434505E-01
   0.7450000E+02   -0.1035658E+00
   0.7460000E+02   -0.1455355E+00
   0.7470000E+02   -0.1701302E+00
   0.7480000E+02   -0.1708411E+00
   0.7490000E+02   -0.1463797E+00
   0.7500000E+02   -0.1012035E+00
   0.7510000E+02   -0.4477822E-01
   0.7520000E+02    0.1027460E-01
   0.7530000E+02    0.5080779E-01
   0.7540000E+02    0.6600860E-01
   0.7550000E+02    0.4993785E-01
   0.7560000E+02    0.3144023E-02
   0.7570000E+02   -0.6691515E-01
   0.7580000E+02   -0.1468574E+00
   0.7590000E+02   -0.2195757E+00
   0.7600000E+02   -0.2672501E+00
   0.7610000E+02   -0.2746995E+00
   0.7620000E+02   -0.2323196E+00
   0.7630000E+02   -0.1381756E+00
   0.7640000E+02    0.1224234E-02
   0.7650000E+02    0.1716113E+00
   0.7660000E+02    0.3529920E+00
   0.7670000E+02    0.5226801E+00
   0.7680000E+02    0.6588266E+00
   0.7690000E+02    0.7438353E+00
   0.7700000E+02    0.7669688E+00
   0.7710000E+02    0.7259935E+00
   0.7720000E+02    0.6273011E+00
   0.7730000E+02    0.4847332E+00
   0.7740000E+02    0.3172500E+00
   0.7750000E+02    0.1459073E+00
   0.7760000E+02   -0.9328458E-02
   0.7770000E+02   -0.1324619E+00
   0.7780000E+02   -0.2135186E+00
   0.7790000E+02   -0.2495235E+00
   0.7800000E+02   -0.2443249E+00
   0.7810000E+02   -0.2073058E+00
   0.7820000E+02   -0.1513711E+00
   0.7830000E+02   -0.9049930E-01
   0.7840000E+02   -0.3736259E-01
   0.7850000E+02   -0.1369191E-02
   0.7860000E+02    0.1254806E-01
   0.7870000E+02    0.4271273E-02
   0.7880000E+02   -0.2204400E-01
   0.7890000E+02   -0.5916751E-01
   0.7900000E+02   -0.9854040E-01
   0.7910000E+02   -0.1319753E+00
   0.7920000E+02   -0.1532342E+00
   0.7930000E+02   -0.1590754E+00
   0.7940000E+02   -0.1496580E+00
   0.7950000E+02   -0.1282577E+00
   0.7960000E+02   -0.1003794E+00
   0.7970000E+02   -0.7249869E-01
   0.7980000E+02   -0.5069272E-01
   0.7990000E+02   -0.3933897E-01
   0.8000000E+02   -0.4033122E-01
   0.8010000E+02   -0.5274201E-01
   0.8020000E+02   -0.7311405E-01
   0.8030000E+02   -0.9627156E-01
   0.8040000E+02   -0.1164810E+00
   0.8050000E+02   -0.1286720E+00
   0.8060000E+02   -0.1295906E+00
   0.8070000E+02   -0.1184360E+00
   0.8080000E+02   -0.9712914E-01
   0.8090000E+02   -0.6984897E-01
   0.8100000E+02   -0.4218193E-01
   0.8110000E+02   -0.1992102E-01
   0.8120000E+02   -0.7812071E-02
   0.8130000E+02   -0.8507170E-02
   0.8140000E+02   -0.2194669E-01
   0.8150000E+02   -0.4535977E-01
   0.8160000E+02   -0.7375002E-01
   0.8170000E+02   -0.1010020E+00
   0.8180000E+02   -0.1211845E+00
   0.8190000E+02   -0.1298380E+00
   0.8200000E+02   -0.1249972E+00
   0.8210000E+02   -0.1076736E+00
   0.8220000E+02   -0.8169438E-01
   0.8230000E+02   -0.5290475E-01
   0.8240000E+02   -0.2791929E-01
   0.8250000E+02   -0.1263024E-01
   0.8260000E+02   -0.1089043E-01
   0.8270000E+02   -0.2352378E-01
   0.8280000E+02   -0.4813665E-01
   0.8290000E+02   -0.7948217E-01
   0.8300000E+02   -0.1106194E+00
   0.8310000E+02   -0.1344328E+00
   0.8320000E+02   -0.1452691E+00
   0.8330000E+02   -0.1402944E+00
   0.8340000E+02   -0.1202516E+00
   0.8350000E+02   -0.8944795E-01
   0.8360000E+02   -0.5485738E-01
   0.8370000E+02   -0.2464861E-01
   0.8380000E+02   -0.6308849E-02
   0.8390000E+02   -0.4867776E-02
   0.8400000E+02   -0.2160051E-01
   0.8410000E+02   -0.5355787E-01
   0.8420000E+02   -0.9403949E-01
   0.8430000E+02   -0.1340032E+00
   0.8440000E+02   -0.1640081E+00
   0.8450000E+02   -0.1765136E+00
   0.8460000E+02   -0.1677185E+00
   0.8470000E+02   -0.1386381E+00
   0.8480000E+02   -0.9528244E-01
   0.8490000E+02   -0.4734767E-01
   0.8500000E+02   -0.6377618E-02
   0.8510000E+02    0.1706096E-01
   0.8520000E+02    0.1579977E-01
   0.8530000E+02   -0.1188546E-01
   0.8540000E+02   -0.6153580E-01
   0.8550000E+02   -0.1230325E+00
   0.8560000E+02   -0.1825797E+00
   0.8570000E+02   -0.2256661E+00
   0.8580000E+02   -0.2404339E+00
   0.8590000E+02   -0.2207868E+00
   0.8600000E+02   -0.1682472E+00
   0.8610000E+02   -0.9246662E-01
   0.8620000E+02   -0.9743110E-02
   0.8630000E+02    0.6011922E-01
   0.8640000E+02    0.9798427E-01
   0.8650000E+02    0.8993261E-01
   0.8660000E+02    0.3108895E-01
   0.8670000E+02   -0.7210432E-01
   0.8680000E+02   -0.2017316E+00
   0.8690000E+02   -0.3307338E+00
   0.8700000E+02   -0.4273592E+00
   0.8710000E+02   -0.4608792E+00
   0.8720000E+02   -0.4078234E+00
   0.8730000E+02   -0.2571639E+00
   0.8740000E+02   -0.1375879E-01
   0.8750000E+02    0.3011766E+00
   0.8760000E+02    0.6523604E+00
   0.8770000E+02    0.9956185E+00
   0.8780000E+02    0.1284770E+01
   0.8790000E+02    0.1479293E+01
   0.8800000E+02    0.1551165E+01
   0.8810000E+02    0.1489715E+01
   0.8820000E+02    0.1303601E+01
   0.8830000E+02    0.1019365E+01
   0.8840000E+02    0.6771028E+00
   0.8850000E+02    0.3235964E+00
   0.8860000E+02    0.4626134E-02
   0.8870000E+02   -0.2424516E+00
   0.8880000E+02   -0.3943953E+00
   0.8890000E+02   -0.4450482E+00
   0.8900000E+02   -0.4052207E+00
   0.8910000E+02   -0.2994674E+00
   0.8920000E+02   -0.1606365E+00
   0.8930000E+02   -0.2321282E-01
   0.8940000E+02    0.8316158E-01
   0.8950000E+02    0.1388196E+00
   0.8960000E+02    0.1369775E+00
   0.8970000E+02    0.8379171E-01
   0.8980000E+02   -0.4081239E-02
   0.8990000E+02   -0.1037760E+00
   0.9000000E+02   -0.1916330E+00
   0.9010000E+02   -0.2482217E+00
   0.9020000E+02   -0.2622445E+00
   0.9030000E+02   -0.2324225E+00
   0.9040000E+02   -0.1671477E+00
   0.9050000E+02   -0.8202369E-01
   0.9060000E+02    0.3865052E-02
   0.9070000E+02    0.7237390E-01
   0.9080000E+02    0.1102277E+00
   0.9090000E+02    0.1116031E+00
   0.9100000E+02    0.7902475E-01
   0.9110000E+02    0.2234469E-01
   0.9120000E+02   -0.4384438E-01
   0.9130000E+02   -0.1037167E+00
   0.9140000E+02   -0.1438272E+00
   0.9150000E+02   -0.1560116E+00
   0.9160000E+02   -0.1390236E+00
   0.9170000E+02   -0.9829536E-01
   0.9180000E+02   -0.4473220E-01
   0.9190000E+02    0.8374333E-02
   0.9200000E+02    0.4834280E-01
   0.9210000E+02    0.6604258E-01
   0.9220000E+02    0.5791545E-01
   0.9230000E+02    0.2654210E-01
   0.9240000E+02   -0.2015452E-01
   0.9250000E+02   -0.7073011E-01
   0.9260000E+02   -0.1134187E+00
   0.9270000E+02   -0.1384899E+00
   0.9280000E+02   -0.1406905E+00
   0.9290000E+02   -0.1202150E+00
   0.9300000E+02   -0.8278976E-01
   0.9310000E+02   -0.3787658E-01
   0.9320000E+02    0.3396444E-02
   0.9330000E+02    0.3101441E-01
   0.9340000E+02    0.3838250E-01
   0.9350000E+02    0.2368411E-01
   0.9360000E+02   -0.9482378E-02
   0.9370000E+02   -0.5321743E-01
   0.9380000E+02   -0.9733621E-01
   0.9390000E+02   -0.1315883E+00
   0.9400000E+02   -0.1482356E+00
   0.9410000E+02   -0.1437968E+00
   0.9420000E+02   -0.1198346E+00
   0.9430000E+02   -0.8261452E-01
   0.9440000E+02   -0.4146382E-01
   0.9450000E+02   -0.6594640E-02
   0.9460000E+02    0.1321478E-01
   0.9470000E+02    0.1284560E-01
   0.9480000E+02   -0.8018839E-02
   0.9490000E+02   -0.4478820E-01
   0.9500000E+02   -0.8919937E-01
   0.9510000E+02   -0.1310731E+00
   0.9520000E+02   -0.1608437E+00
   0.9530000E+02   -0.1718003E+00
   0.9540000E+02   -0.1616895E+00
   0.9550000E+02   -0.1332740E+00
   0.9560000E+02   -0.9371980E-01
   0.9570000E+02   -0.5290212E-01
   0.9580000E+02   -0.2116214E-01
   0.9590000E+02   -0.6802929E-02
   0.9600000E+02   -0.1414069E-01
   0.9610000E+02   -0.4242208E-01
   0.9620000E+02   -0.8596473E-01
   0.9630000E+02   -0.1353931E+00
   0.9640000E+02   -0.1796713E+00
   0.9650000E+02   -0.2089087E+00
   0.9660000E+02   -0.2165398E+00
   0.9670000E+02   -0.2008408E+00
   0.9680000E+02   -0.1656907E+00
   0.9690000E+02   -0.1195063E+00
   0.9700000E+02   -0.7372891E-01
   0.9710000E+02   -0.4002498E-01
   0.9720000E+02   -0.2774616E-01
   0.9730000E+02   -0.4171477E-01
   0.9740000E+02   -0.8100607E-01
   0.9750000E+02   -0.1389882E+00
   0.9760000E+02   -0.2046639E+00
   0.9770000E+02   -0.2647677E+00
   0.9780000E+02   -0.3069428E+00
   0.9790000E+02   -0.3219406E+00
   0.9800000E+02   -0.3058964E+00
   0.9810000E+02   -0.2609906E+00
   0.9820000E+02   -0.1948597E+00
   0.9830000E+02   -0.1191368E+00
   0.9840000E+02   -0.4670561E-01
   0.9850000E+02    0.1104756E-01
   0.9860000E+02    0.4655527E-01
   0.9870000E+02    0.5772436E-01
   0.9880000E+02    0.4795484E-01
   0.9890000E+02    0.2548675E-01
   0.9900000E+02    0.7813214E-03
   0.9910000E+02   -0.1563433E-01
   0.9920000E+02   -0.1644806E-01
   0.9930000E+02    0.1513672E-02
   0.9940000E+02    0.3520535E-01
   0.9950000E+02    0.7646108E-01
   0.9960000E+02    0.1140913E+00
   0.9970000E+02    0.1360890E+00
   0.9980000E+02    0.1328995E+00
   0.9990000E+02    0.9975275E-01
   0.1000000E+03    0.3944473E-01
