   0.0000000E+00    0.1000000E+01
   0.1000000E+01   -0.1781848E-03
   0.2000000E+01    0.3414288E-04
   0.3000000E+01    0.9091742E-04
   0.4000000E+01    0.1320150E-03
   0.5000000E+01    0.1131450E-03
   0.6000000E+01    0.4619311E-04
   0.7000000E+01    0.1998471E+00
   0.8000000E+01   -0.7128815E-04
   0.9000000E+01   -0.5220081E-04
   0.1000000E+02    0.1505361E-04
   0.1100000E+02    0.2000189E+00
   0.1200000E+02   -0.7012973E-04
   0.1300000E+02   -0.4188884E-04
   0.1400000E+02   -0.1282391E-03
   0.1500000E+02   -0.1065992E-03
   0.1600000E+02   -0.9030331E-05
   0.1700000E+02    0.1082253E-03
   0.1800000E+02    0.2003822E+00
   0.1900000E+02    0.1545634E-03
   0.2000000E+02    0.5701136E-04
   0.2100000E+02   -0.2158373E-03
   0.2200000E+02   -0.3309973E-03
   0.2300000E+02   -0.2404204E-03
   0.2400000E+02    0.2399283E-05
   0.2500000E+02    0.2562939E-03
   0.2600000E+02    0.3718564E-03
   0.2700000E+02    0.2815622E-03
   0.2800000E+02    0.3873933E-04
   0.2900000E+02   -0.2152722E-03
   0.3000000E+02   -0.3309978E-03
   0.3100000E+02   -0.2409863E-03
   0.3200000E+02    0.1599096E-05
   0.3300000E+02    0.2001328E+00
   0.3400000E+02    0.3718559E-03
   0.3500000E+02    0.2821272E-03
   0.3600000E+02    0.3953859E-04
   0.3700000E+02    0.1998461E+00
   0.3800000E+02   -0.3309982E-03
   0.3900000E+02   -0.2415523E-03
   0.4000000E+02    0.1997325E+00
   0.4100000E+02    0.2551620E-03
   0.4200000E+02    0.3718555E-03
   0.4300000E+02    0.2826922E-03
   0.4400000E+02    0.4033785E-04
   0.4500000E+02   -0.2141422E-03
   0.4600000E+02   -0.3309987E-03
   0.4700000E+02   -0.2421182E-03
   0.4800000E+02   -0.1331596E-03
   0.4900000E+02    0.5198581E-04
   0.5000000E+02    0.2165120E-03
   0.5100000E+02    0.2003250E+00
   0.5200000E+02    0.1674789E-03
   0.5300000E+02   -0.1768354E-04
   0.5400000E+02   -0.3378157E-03
   0.5500000E+02   -0.4330735E-03
   0.5600000E+02   -0.2671182E-03
   0.5700000E+02    0.6364077E-04
   0.5800000E+02    0.3650380E-03
   0.5900000E+02    0.4606585E-03
   0.6000000E+02    0.2946200E-03
   0.6100000E+02   -0.3617593E-04
   0.6200000E+02   -0.3378161E-03
   0.6300000E+02   -0.4336395E-03
   0.6400000E+02   -0.2679183E-03
   0.6500000E+02    0.6307481E-04
   0.6600000E+02    0.3650375E-03
   0.6700000E+02    0.4612235E-03
   0.6800000E+02    0.2954193E-03
   0.6900000E+02   -0.3561090E-04
   0.7000000E+02    0.1998686E+00
   0.7100000E+02   -0.4342054E-03
   0.7200000E+02   -0.2687185E-03
   0.7300000E+02    0.6250886E-04
   0.7400000E+02    0.3650371E-03
   0.7500000E+02    0.4617886E-03
   0.7600000E+02    0.2962185E-03
   0.7700000E+02    0.2000257E+00
   0.7800000E+02   -0.3378171E-03
   0.7900000E+02   -0.4347714E-03
   0.8000000E+02   -0.2695187E-03
   0.8100000E+02   -0.7131236E-04
   0.8200000E+02    0.1622789E-03
   0.8300000E+02    0.3068975E-03
   0.8400000E+02    0.2779465E-03
   0.8500000E+02    0.9195294E-04
   0.8600000E+02   -0.1417813E-03
   0.8700000E+02   -0.2867028E-03
   0.8800000E+02    0.1999991E+00
   0.8900000E+02   -0.2744885E-03
   0.9000000E+02    0.6935484E-05
   0.9100000E+02    0.1328063E-03
   0.9200000E+02    0.2021436E-03
   0.9300000E+02    0.1550339E-03
   0.9400000E+02    0.1898571E-04
   0.9500000E+02   -0.1262767E-03
   0.9600000E+02   -0.1958313E-03
   0.9700000E+02   -0.1485045E-03
   0.9800000E+02   -0.1215379E-04
   0.9900000E+02   -0.6441236E-08
   0.1000000E+03   -0.1166059E-08
