   0.0000000E+00    0.1000000E+01
   0.1000000E+00    0.9932333E+00
   0.2000000E+00    0.9735930E+00
   0.3000000E+00    0.9429417E+00
   0.4000000E+00    0.9040195E+00
   0.5000000E+00    0.8599724E+00
   0.6000000E+00    0.8138253E+00
   0.7000000E+00    0.7680019E+00
   0.8000000E+00    0.7239796E+00
   0.9000000E+00    0.6821385E+00
   0.1000000E+01    0.6418261E+00
   0.1100000E+01    0.6016131E+00
   0.1200000E+01    0.5596798E+00
   0.1300000E+01    0.5142489E+00
   0.1400000E+01    0.4639759E+00
   0.1500000E+01    0.4082205E+00
   0.1600000E+01    0.3471526E+00
   0.1700000E+01    0.2816843E+00
   0.1800000E+01    0.2132492E+00
   0.1900000E+01    0.1434975E+00
   0.2000000E+01    0.7396954E-01
   0.2100000E+01    0.5825872E-02
   0.2200000E+01   -0.6031054E-01
   0.2300000E+01   -0.1243734E+00
   0.2400000E+01   -0.1867381E+00
   0.2500000E+01   -0.2480073E+00
   0.2600000E+01   -0.3087550E+00
   0.2700000E+01   -0.3692908E+00
   0.2800000E+01   -0.4295013E+00
   0.2900000E+01   -0.4888031E+00
   0.3000000E+01   -0.5462157E+00
   0.3100000E+01   -0.6005340E+00
   0.3200000E+01   -0.6505551E+00
   0.3300000E+01   -0.6953061E+00
   0.3400000E+01   -0.7342168E+00
   0.3500000E+01   -0.7671989E+00
   0.3600000E+01   -0.7946138E+00
   0.3700000E+01   -0.8171383E+00
   0.3800000E+01   -0.8355647E+00
   0.3900000E+01   -0.8505787E+00
   0.4000000E+01   -0.8625736E+00
   0.4100000E+01   -0.8715406E+00
   0.4200000E+01   -0.8770619E+00
   0.4300000E+01   -0.8784066E+00
   0.4400000E+01   -0.8747061E+00
   0.4500000E+01   -0.8651655E+00
   0.4600000E+01   -0.8492636E+00
   0.4700000E+01   -0.8268904E+00
   0.4800000E+01   -0.7983946E+00
   0.4900000E+01   -0.7645276E+00
   0.5000000E+01   -0.7262989E+00
   0.5100000E+01   -0.6847781E+00
   0.5200000E+01   -0.6408889E+00
   0.5300000E+01   -0.5952438E+00
   0.5400000E+01   -0.5480584E+00
   0.5500000E+01   -0.4991628E+00
   0.5600000E+01   -0.4481076E+00
   0.5700000E+01   -0.3943392E+00
   0.5800000E+01   -0.3374015E+00
   0.5900000E+01   -0.2771166E+00
   0.6000000E+01   -0.2137025E+00
   0.6100000E+01   -0.1477990E+00
   0.6200000E+01   -0.8039854E-01
   0.6300000E+01   -0.1269332E-01
   0.6400000E+01    0.5412050E-01
   0.6500000E+01    0.1190409E+00
   0.6600000E+01    0.1814117E+00
   0.6700000E+01    0.2409947E+00
   0.6800000E+01    0.2979456E+00
   0.6900000E+01    0.3527022E+00
   0.7000000E+01    0.4058058E+00
   0.7100000E+01    0.4577059E+00
   0.7200000E+01    0.5085867E+00
   0.7300000E+01    0.5582591E+00
   0.7400000E+01    0.6061431E+00
   0.7500000E+01    0.6513428E+00
   0.7600000E+01    0.6927995E+00
   0.7700000E+01    0.7294858E+00
   0.7800000E+01    0.7605963E+00
   0.7900000E+01    0.7856918E+00
   0.8000000E+01    0.8047649E+00
   0.8100000E+01    0.8182105E+00
   0.8200000E+01    0.8267101E+00
   0.8300000E+01    0.8310563E+00
   0.8400000E+01    0.8319560E+00
   0.8500000E+01    0.8298621E+00
   0.8600000E+01    0.8248649E+00
   0.8700000E+01    0.8166750E+00
   0.8800000E+01    0.8046967E+00
   0.8900000E+01    0.7881790E+00
   0.9000000E+01    0.7664038E+00
   0.9100000E+01    0.7388801E+00
   0.9200000E+01    0.7054854E+00
   0.9300000E+01    0.6665367E+00
   0.9400000E+01    0.6227658E+00
   0.9500000E+01    0.5752077E+00
   0.9600000E+01    0.5250275E+00
   0.9700000E+01    0.4733189E+00
   0.9800000E+01    0.4209236E+00
   0.9900000E+01    0.3683054E+00
   0.1000000E+02    0.3155070E+00
   0.1010000E+02    0.2621984E+00
   0.1020000E+02    0.2078022E+00
   0.1030000E+02    0.1516711E+00
   0.1040000E+02    0.9327652E-01
   0.1050000E+02    0.3237052E-01
   0.1060000E+02   -0.3091240E-01
   0.1070000E+02   -0.9598089E-01
   0.1080000E+02   -0.1621003E+00
   0.1090000E+02   -0.2280009E+00
   0.1100000E+02   -0.2925496E+00
   0.1110000E+02   -0.3546526E+00
   0.1120000E+02   -0.4134369E+00
   0.1130000E+02   -0.4683247E+00
   0.1140000E+02   -0.5190445E+00
   0.1150000E+02   -0.5655812E+00
   0.1160000E+02   -0.6080832E+00
   0.1170000E+02   -0.6467526E+00
   0.1180000E+02   -0.6817430E+00
   0.1190000E+02   -0.7131030E+00
   0.1200000E+02   -0.7407315E+00
   0.1210000E+02   -0.7644237E+00
   0.1220000E+02   -0.7839189E+00
   0.1230000E+02   -0.7989776E+00
   0.1240000E+02   -0.8094508E+00
   0.1250000E+02   -0.8153240E+00
   0.1260000E+02   -0.8167240E+00
   0.1270000E+02   -0.8138874E+00
   0.1280000E+02   -0.8070964E+00
   0.1290000E+02   -0.7966035E+00
   0.1300000E+02   -0.7825634E+00
   0.1310000E+02   -0.7649871E+00
   0.1320000E+02   -0.7437376E+00
   0.1330000E+02   -0.7185660E+00
   0.1340000E+02   -0.6891815E+00
   0.1350000E+02   -0.6553415E+00
   0.1360000E+02   -0.6169385E+00
   0.1370000E+02   -0.5740664E+00
   0.1380000E+02   -0.5270479E+00
   0.1390000E+02   -0.4764179E+00
   0.1400000E+02   -0.4228645E+00
   0.1410000E+02   -0.3671424E+00
   0.1420000E+02   -0.3099751E+00
   0.1430000E+02   -0.2519693E+00
   0.1440000E+02   -0.1935587E+00
   0.1450000E+02   -0.1349878E+00
   0.1460000E+02   -0.7634025E-01
   0.1470000E+02   -0.1759986E-01
   0.1480000E+02    0.4126658E-01
   0.1490000E+02    0.1002278E+00
   0.1500000E+02    0.1591253E+00
   0.1510000E+02    0.2176425E+00
   0.1520000E+02    0.2753132E+00
   0.1530000E+02    0.3315648E+00
   0.1540000E+02    0.3857870E+00
   0.1550000E+02    0.4374077E+00
   0.1560000E+02    0.4859595E+00
   0.1570000E+02    0.5311222E+00
   0.1580000E+02    0.5727319E+00
   0.1590000E+02    0.6107572E+00
   0.1600000E+02    0.6452483E+00
   0.1610000E+02    0.6762746E+00
   0.1620000E+02    0.7038634E+00
   0.1630000E+02    0.7279570E+00
   0.1640000E+02    0.7483964E+00
   0.1650000E+02    0.7649352E+00
   0.1660000E+02    0.7772790E+00
   0.1670000E+02    0.7851404E+00
   0.1680000E+02    0.7882965E+00
   0.1690000E+02    0.7866338E+00
   0.1700000E+02    0.7801707E+00
   0.1710000E+02    0.7690542E+00
   0.1720000E+02    0.7535304E+00
   0.1730000E+02    0.7338985E+00
   0.1740000E+02    0.7104589E+00
   0.1750000E+02    0.6834690E+00
   0.1760000E+02    0.6531161E+00
   0.1770000E+02    0.6195141E+00
   0.1780000E+02    0.5827231E+00
   0.1790000E+02    0.5427855E+00
   0.1800000E+02    0.4997723E+00
   0.1810000E+02    0.4538206E+00
   0.1820000E+02    0.4051603E+00
   0.1830000E+02    0.3541185E+00
   0.1840000E+02    0.3011013E+00
   0.1850000E+02    0.2465597E+00
   0.1860000E+02    0.1909452E+00
   0.1870000E+02    0.1346688E+00
   0.1880000E+02    0.7807145E-01
   0.1890000E+02    0.2141399E-01
   0.1900000E+02   -0.3511152E-01
   0.1910000E+02   -0.9135232E-01
   0.1920000E+02   -0.1471556E+00
   0.1930000E+02   -0.2023285E+00
   0.1940000E+02   -0.2566093E+00
   0.1950000E+02   -0.3096553E+00
   0.1960000E+02   -0.3610535E+00
   0.1970000E+02   -0.4103492E+00
   0.1980000E+02   -0.4570893E+00
   0.1990000E+02   -0.5008659E+00
   0.2000000E+02   -0.5413555E+00
   0.2010000E+02   -0.5783390E+00
   0.2020000E+02   -0.6117037E+00
   0.2030000E+02   -0.6414226E+00
   0.2040000E+02   -0.6675196E+00
   0.2050000E+02   -0.6900267E+00
   0.2060000E+02   -0.7089467E+00
   0.2070000E+02   -0.7242268E+00
   0.2080000E+02   -0.7357510E+00
   0.2090000E+02   -0.7433545E+00
   0.2100000E+02   -0.7468530E+00
   0.2110000E+02   -0.7460814E+00
   0.2120000E+02   -0.7409330E+00
   0.2130000E+02   -0.7313881E+00
   0.2140000E+02   -0.7175262E+00
   0.2150000E+02   -0.6995212E+00
   0.2160000E+02   -0.6776138E+00
   0.2170000E+02   -0.6520823E+00
   0.2180000E+02   -0.6231888E+00
   0.2190000E+02   -0.5911782E+00
   0.2200000E+02   -0.5562301E+00
   0.2210000E+02   -0.5184768E+00
   0.2220000E+02   -0.4780157E+00
   0.2230000E+02   -0.4349403E+00
   0.2240000E+02   -0.3894072E+00
   0.2250000E+02   -0.3415014E+00
   0.2260000E+02   -0.2915830E+00
   0.2270000E+02   -0.2399586E+00
   0.2280000E+02   -0.1870300E+00
   0.2290000E+02   -0.1332308E+00
   0.2300000E+02   -0.7899136E-01
   0.2310000E+02   -0.2470359E-01
   0.2320000E+02    0.2930202E-01
   0.2330000E+02    0.8276551E-01
   0.2340000E+02    0.1354873E+00
   0.2350000E+02    0.1873063E+00
   0.2360000E+02    0.2380677E+00
   0.2370000E+02    0.2875916E+00
   0.2380000E+02    0.3356499E+00
   0.2390000E+02    0.3819565E+00
   0.2400000E+02    0.4261750E+00
   0.2410000E+02    0.4679417E+00
   0.2420000E+02    0.5068977E+00
   0.2430000E+02    0.5427233E+00
   0.2440000E+02    0.5751676E+00
   0.2450000E+02    0.6040632E+00
   0.2460000E+02    0.6293263E+00
   0.2470000E+02    0.6509398E+00
   0.2480000E+02    0.6689225E+00
   0.2490000E+02    0.6833104E+00
   0.2500000E+02    0.6940994E+00
   0.2510000E+02    0.7012558E+00
   0.2520000E+02    0.7046986E+00
   0.2530000E+02    0.7043166E+00
   0.2540000E+02    0.6999936E+00
   0.2550000E+02    0.6916406E+00
   0.2560000E+02    0.6792277E+00
   0.2570000E+02    0.6628042E+00
   0.2580000E+02    0.6425063E+00
   0.2590000E+02    0.6185471E+00
   0.2600000E+02    0.5911937E+00
   0.2610000E+02    0.5607344E+00
   0.2620000E+02    0.5274468E+00
   0.2630000E+02    0.4915707E+00
   0.2640000E+02    0.4532974E+00
   0.2650000E+02    0.4127706E+00
   0.2660000E+02    0.3701060E+00
   0.2670000E+02    0.3254192E+00
   0.2680000E+02    0.2788558E+00
   0.2690000E+02    0.2306181E+00
   0.2700000E+02    0.1809786E+00
   0.2710000E+02    0.1302783E+00
   0.2720000E+02    0.7890996E-01
   0.2730000E+02    0.2728968E-01
   0.2740000E+02   -0.2417798E-01
   0.2750000E+02   -0.7512984E-01
   0.2760000E+02   -0.1252650E+00
   0.2770000E+02   -0.1743512E+00
   0.2780000E+02   -0.2222147E+00
   0.2790000E+02   -0.2687171E+00
   0.2800000E+02   -0.3137257E+00
   0.2810000E+02   -0.3570841E+00
   0.2820000E+02   -0.3985909E+00
   0.2830000E+02   -0.4379922E+00
   0.2840000E+02   -0.4749907E+00
   0.2850000E+02   -0.5092671E+00
   0.2860000E+02   -0.5405128E+00
   0.2870000E+02   -0.5684613E+00
   0.2880000E+02   -0.5929150E+00
   0.2890000E+02   -0.6137586E+00
   0.2900000E+02   -0.6309571E+00
   0.2910000E+02   -0.6445377E+00
   0.2920000E+02   -0.6545626E+00
   0.2930000E+02   -0.6610960E+00
   0.2940000E+02   -0.6641784E+00
   0.2950000E+02   -0.6638070E+00
   0.2960000E+02   -0.6599384E+00
   0.2970000E+02   -0.6524993E+00
   0.2980000E+02   -0.6414149E+00
   0.2990000E+02   -0.6266390E+00
   0.3000000E+02   -0.6081845E+00
   0.3010000E+02   -0.5861441E+00
   0.3020000E+02   -0.5606923E+00
   0.3030000E+02   -0.5320761E+00
   0.3040000E+02   -0.5005894E+00
   0.3050000E+02   -0.4665404E+00
   0.3060000E+02   -0.4302194E+00
   0.3070000E+02   -0.3918736E+00
   0.3080000E+02   -0.3516964E+00
   0.3090000E+02   -0.3098329E+00
   0.3100000E+02   -0.2663998E+00
   0.3110000E+02   -0.2215145E+00
   0.3120000E+02   -0.1753270E+00
   0.3130000E+02   -0.1280441E+00
   0.3140000E+02   -0.7994300E-01
   0.3150000E+02   -0.3136604E-01
   0.3160000E+02    0.1729845E-01
   0.3170000E+02    0.6564736E-01
   0.3180000E+02    0.1132977E+00
   0.3190000E+02    0.1599179E+00
   0.3200000E+02    0.2052458E+00
   0.3210000E+02    0.2490924E+00
   0.3220000E+02    0.2913279E+00
   0.3230000E+02    0.3318551E+00
   0.3240000E+02    0.3705761E+00
   0.3250000E+02    0.4073625E+00
   0.3260000E+02    0.4420348E+00
   0.3270000E+02    0.4743591E+00
   0.3280000E+02    0.5040585E+00
   0.3290000E+02    0.5308423E+00
   0.3300000E+02    0.5544399E+00
   0.3310000E+02    0.5746364E+00
   0.3320000E+02    0.5912973E+00
   0.3330000E+02    0.6043783E+00
   0.3340000E+02    0.6139160E+00
   0.3350000E+02    0.6200025E+00
   0.3360000E+02    0.6227511E+00
   0.3370000E+02    0.6222585E+00
   0.3380000E+02    0.6185839E+00
   0.3390000E+02    0.6117000E+00
   0.3400000E+02    0.6015742E+00
   0.3410000E+02    0.5881173E+00
   0.3420000E+02    0.5712605E+00
   0.3430000E+02    0.5509877E+00
   0.3440000E+02    0.5273697E+00
   0.3450000E+02    0.5005809E+00
   0.3460000E+02    0.4708956E+00
   0.3470000E+02    0.4386622E+00
   0.3480000E+02    0.4042604E+00
   0.3490000E+02    0.3680528E+00
   0.3500000E+02    0.3303399E+00
   0.3510000E+02    0.2913321E+00
   0.3520000E+02    0.2511445E+00
   0.3530000E+02    0.2098171E+00
   0.3540000E+02    0.1673564E+00
   0.3550000E+02    0.1237880E+00
   0.3560000E+02    0.7920932E-01
   0.3570000E+02    0.3382724E-01
   0.3580000E+02   -0.1202875E-01
   0.3590000E+02   -0.5792258E-01
   0.3600000E+02   -0.1033532E+00
   0.3610000E+02   -0.1478162E+00
   0.3620000E+02   -0.1908681E+00
   0.3630000E+02   -0.2321802E+00
   0.3640000E+02   -0.2715682E+00
   0.3650000E+02   -0.3089885E+00
   0.3660000E+02   -0.3445029E+00
   0.3670000E+02   -0.3782160E+00
   0.3680000E+02   -0.4102014E+00
   0.3690000E+02   -0.4404360E+00
   0.3700000E+02   -0.4687534E+00
   0.3710000E+02   -0.4948361E+00
   0.3720000E+02   -0.5182456E+00
   0.3730000E+02   -0.5384900E+00
   0.3740000E+02   -0.5551125E+00
   0.3750000E+02   -0.5677852E+00
   0.3760000E+02   -0.5763802E+00
   0.3770000E+02   -0.5810083E+00
   0.3780000E+02   -0.5820080E+00
   0.3790000E+02   -0.5798858E+00
   0.3800000E+02   -0.5752181E+00
   0.3810000E+02   -0.5685334E+00
   0.3820000E+02   -0.5601988E+00
   0.3830000E+02   -0.5503368E+00
   0.3840000E+02   -0.5387900E+00
   0.3850000E+02   -0.5251449E+00
   0.3860000E+02   -0.5088115E+00
   0.3870000E+02   -0.4891444E+00
   0.3880000E+02   -0.4655830E+00
   0.3890000E+02   -0.4377804E+00
   0.3900000E+02   -0.4056977E+00
   0.3910000E+02   -0.3696414E+00
   0.3920000E+02   -0.3302375E+00
   0.3930000E+02   -0.2883474E+00
   0.3940000E+02   -0.2449410E+00
   0.3950000E+02   -0.2009554E+00
   0.3960000E+02   -0.1571649E+00
   0.3970000E+02   -0.1140899E+00
   0.3980000E+02   -0.7196231E-01
   0.3990000E+02   -0.3074935E-01
   0.4000000E+02    0.9769088E-02
   0.4010000E+02    0.4988801E-01
   0.4020000E+02    0.8985956E-01
   0.4030000E+02    0.1297921E+00
   0.4040000E+02    0.1695904E+00
   0.4050000E+02    0.2089483E+00
   0.4060000E+02    0.2473934E+00
   0.4070000E+02    0.2843728E+00
   0.4080000E+02    0.3193556E+00
   0.4090000E+02    0.3519323E+00
   0.4100000E+02    0.3818804E+00
   0.4110000E+02    0.4091871E+00
   0.4120000E+02    0.4340187E+00
   0.4130000E+02    0.4566458E+00
   0.4140000E+02    0.4773412E+00
   0.4150000E+02    0.4962750E+00
   0.4160000E+02    0.5134325E+00
   0.4170000E+02    0.5285743E+00
   0.4180000E+02    0.5412510E+00
   0.4190000E+02    0.5508694E+00
   0.4200000E+02    0.5568010E+00
   0.4210000E+02    0.5585042E+00
   0.4220000E+02    0.5556388E+00
   0.4230000E+02    0.5481451E+00
   0.4240000E+02    0.5362702E+00
   0.4250000E+02    0.5205337E+00
   0.4260000E+02    0.5016421E+00
   0.4270000E+02    0.4803664E+00
   0.4280000E+02    0.4574092E+00
   0.4290000E+02    0.4332917E+00
   0.4300000E+02    0.4082794E+00
   0.4310000E+02    0.3823664E+00
   0.4320000E+02    0.3553167E+00
   0.4330000E+02    0.3267545E+00
   0.4340000E+02    0.2962829E+00
   0.4350000E+02    0.2636055E+00
   0.4360000E+02    0.2286198E+00
   0.4370000E+02    0.1914736E+00
   0.4380000E+02    0.1525582E+00
   0.4390000E+02    0.1124581E+00
   0.4400000E+02    0.7185174E-01
   0.4410000E+02    0.3140482E-01
   0.4420000E+02   -0.8335098E-02
   0.4430000E+02   -0.4701102E-01
   0.4440000E+02   -0.8448332E-01
   0.4450000E+02   -0.1208059E+00
   0.4460000E+02   -0.1561607E+00
   0.4470000E+02   -0.1907628E+00
   0.4480000E+02   -0.2247631E+00
   0.4490000E+02   -0.2581688E+00
   0.4500000E+02   -0.2908017E+00
   0.4510000E+02   -0.3223010E+00
   0.4520000E+02   -0.3521726E+00
   0.4530000E+02   -0.3798700E+00
   0.4540000E+02   -0.4048906E+00
   0.4550000E+02   -0.4268608E+00
   0.4560000E+02   -0.4455967E+00
   0.4570000E+02   -0.4611180E+00
   0.4580000E+02   -0.4736206E+00
   0.4590000E+02   -0.4834109E+00
   0.4600000E+02   -0.4908153E+00
   0.4610000E+02   -0.4960915E+00
   0.4620000E+02   -0.4993585E+00
   0.4630000E+02   -0.5005626E+00
   0.4640000E+02   -0.4994892E+00
   0.4650000E+02   -0.4958143E+00
   0.4660000E+02   -0.4891866E+00
   0.4670000E+02   -0.4793186E+00
   0.4680000E+02   -0.4660699E+00
   0.4690000E+02   -0.4494949E+00
   0.4700000E+02   -0.4298526E+00
   0.4710000E+02   -0.4075694E+00
   0.4720000E+02   -0.3831668E+00
   0.4730000E+02   -0.3571672E+00
   0.4740000E+02   -0.3300034E+00
   0.4750000E+02   -0.3019484E+00
   0.4760000E+02   -0.2730847E+00
   0.4770000E+02   -0.2433194E+00
   0.4780000E+02   -0.2124420E+00
   0.4790000E+02   -0.1802122E+00
   0.4800000E+02   -0.1464568E+00
   0.4810000E+02   -0.1111550E+00
   0.4820000E+02   -0.7449008E-01
   0.4830000E+02   -0.3685713E-01
   0.4840000E+02    0.1177809E-02
   0.4850000E+02    0.3895747E-01
   0.4860000E+02    0.7583588E-01
   0.4870000E+02    0.1112802E+00
   0.4880000E+02    0.1449510E+00
   0.4890000E+02    0.1767408E+00
   0.4900000E+02    0.2067641E+00
   0.4910000E+02    0.2352993E+00
   0.4920000E+02    0.2626966E+00
   0.4930000E+02    0.2892692E+00
   0.4940000E+02    0.3151942E+00
   0.4950000E+02    0.3404463E+00
   0.4960000E+02    0.3647700E+00
   0.4970000E+02    0.3877135E+00
   0.4980000E+02    0.4086945E+00
   0.4990000E+02    0.4271074E+00
   0.5000000E+02    0.4424291E+00
   0.5010000E+02    0.4543269E+00
   0.5020000E+02    0.4626431E+00
   0.5030000E+02    0.4675465E+00
   0.5040000E+02    0.4693481E+00
   0.5050000E+02    0.4684923E+00
   0.5060000E+02    0.4654389E+00
   0.5070000E+02    0.4605628E+00
   0.5080000E+02    0.4540729E+00
   0.5090000E+02    0.4459761E+00
   0.5100000E+02    0.4360858E+00
   0.5110000E+02    0.4240781E+00
   0.5120000E+02    0.4095813E+00
   0.5130000E+02    0.3922784E+00
   0.5140000E+02    0.3719994E+00
   0.5150000E+02    0.3487868E+00
   0.5160000E+02    0.3229139E+00
   0.5170000E+02    0.2948564E+00
   0.5180000E+02    0.2652206E+00
   0.5190000E+02    0.2346441E+00
   0.5200000E+02    0.2036907E+00
   0.5210000E+02    0.1727595E+00
   0.5220000E+02    0.1420298E+00
   0.5230000E+02    0.1114514E+00
   0.5240000E+02    0.8078292E-01
   0.5250000E+02    0.4967066E-01
   0.5260000E+02    0.1775070E-01
   0.5270000E+02   -0.1524536E-01
   0.5280000E+02   -0.4940384E-01
   0.5290000E+02   -0.8457494E-01
   0.5300000E+02   -0.1203674E+00
   0.5310000E+02   -0.1561840E+00
   0.5320000E+02   -0.1912969E+00
   0.5330000E+02   -0.2249432E+00
   0.5340000E+02   -0.2564251E+00
   0.5350000E+02   -0.2851923E+00
   0.5360000E+02   -0.3108980E+00
   0.5370000E+02   -0.3334143E+00
   0.5380000E+02   -0.3528150E+00
   0.5390000E+02   -0.3693240E+00
   0.5400000E+02   -0.3832503E+00
   0.5410000E+02   -0.3949173E+00
   0.5420000E+02   -0.4046038E+00
   0.5430000E+02   -0.4125035E+00
   0.5440000E+02   -0.4187118E+00
   0.5450000E+02   -0.4232318E+00
   0.5460000E+02   -0.4259999E+00
   0.5470000E+02   -0.4269175E+00
   0.5480000E+02   -0.4258826E+00
   0.5490000E+02   -0.4228120E+00
   0.5500000E+02   -0.4176507E+00
   0.5510000E+02   -0.4103693E+00
   0.5520000E+02   -0.4009528E+00
   0.5530000E+02   -0.3893865E+00
   0.5540000E+02   -0.3756473E+00
   0.5550000E+02   -0.3597021E+00
   0.5560000E+02   -0.3415190E+00
   0.5570000E+02   -0.3210876E+00
   0.5580000E+02   -0.2984418E+00
   0.5590000E+02   -0.2736878E+00
   0.5600000E+02   -0.2470132E+00
   0.5610000E+02   -0.2186918E+00
   0.5620000E+02   -0.1890657E+00
   0.5630000E+02   -0.1585171E+00
   0.5640000E+02   -0.1274287E+00
   0.5650000E+02   -0.9614359E-01
   0.5660000E+02   -0.6493245E-01
   0.5670000E+02   -0.3397386E-01
   0.5680000E+02   -0.3354360E-02
   0.5690000E+02    0.2691326E-01
   0.5700000E+02    0.5685655E-01
   0.5710000E+02    0.8650231E-01
   0.5720000E+02    0.1158367E+00
   0.5730000E+02    0.1447753E+00
   0.5740000E+02    0.1731499E+00
   0.5750000E+02    0.2007143E+00
   0.5760000E+02    0.2271684E+00
   0.5770000E+02    0.2521948E+00
   0.5780000E+02    0.2755002E+00
   0.5790000E+02    0.2968512E+00
   0.5800000E+02    0.3160997E+00
   0.5810000E+02    0.3331888E+00
   0.5820000E+02    0.3481420E+00
   0.5830000E+02    0.3610360E+00
   0.5840000E+02    0.3719657E+00
   0.5850000E+02    0.3810071E+00
   0.5860000E+02    0.3881894E+00
   0.5870000E+02    0.3934808E+00
   0.5880000E+02    0.3967903E+00
   0.5890000E+02    0.3979873E+00
   0.5900000E+02    0.3969304E+00
   0.5910000E+02    0.3935030E+00
   0.5920000E+02    0.3876435E+00
   0.5930000E+02    0.3793647E+00
   0.5940000E+02    0.3687645E+00
   0.5950000E+02    0.3560032E+00
   0.5960000E+02    0.3412912E+00
   0.5970000E+02    0.3248523E+00
   0.5980000E+02    0.3068912E+00
   0.5990000E+02    0.2875714E+00
   0.6000000E+02    0.2669997E+00
   0.6010000E+02    0.2452318E+00
   0.6020000E+02    0.2222868E+00
   0.6030000E+02    0.1981740E+00
   0.6040000E+02    0.1729217E+00
   0.6050000E+02    0.1466039E+00
   0.6060000E+02    0.1193534E+00
   0.6070000E+02    0.9136670E-01
   0.6080000E+02    0.6289091E-01
   0.6090000E+02    0.3420140E-01
   0.6100000E+02    0.5572597E-02
   0.6110000E+02   -0.2274929E-01
   0.6120000E+02   -0.5056753E-01
   0.6130000E+02   -0.7774410E-01
   0.6140000E+02   -0.1041959E+00
   0.6150000E+02   -0.1298786E+00
   0.6160000E+02   -0.1547633E+00
   0.6170000E+02   -0.1788097E+00
   0.6180000E+02   -0.2019457E+00
   0.6190000E+02   -0.2240555E+00
   0.6200000E+02   -0.2449767E+00
   0.6210000E+02   -0.2645159E+00
   0.6220000E+02   -0.2824681E+00
   0.6230000E+02   -0.2986430E+00
   0.6240000E+02   -0.3128886E+00
   0.6250000E+02   -0.3251076E+00
   0.6260000E+02   -0.3352653E+00
   0.6270000E+02   -0.3433813E+00
   0.6280000E+02   -0.3495138E+00
   0.6290000E+02   -0.3537373E+00
   0.6300000E+02   -0.3561188E+00
   0.6310000E+02   -0.3566986E+00
   0.6320000E+02   -0.3554810E+00
   0.6330000E+02   -0.3524353E+00
   0.6340000E+02   -0.3475079E+00
   0.6350000E+02   -0.3406426E+00
   0.6360000E+02   -0.3318022E+00
   0.6370000E+02   -0.3209896E+00
   0.6380000E+02   -0.3082603E+00
   0.6390000E+02   -0.2937245E+00
   0.6400000E+02   -0.2775396E+00
   0.6410000E+02   -0.2598923E+00
   0.6420000E+02   -0.2409770E+00
   0.6430000E+02   -0.2209739E+00
   0.6440000E+02   -0.2000326E+00
   0.6450000E+02   -0.1782640E+00
   0.6460000E+02   -0.1557438E+00
   0.6470000E+02   -0.1325240E+00
   0.6480000E+02   -0.1086592E+00
   0.6490000E+02   -0.8418949E-01
   0.6500000E+02   -0.5923196E-01
   0.6510000E+02   -0.3391561E-01
   0.6520000E+02   -0.8418686E-02
   0.6530000E+02    0.1704957E-01
   0.6540000E+02    0.4226346E-01
   0.6550000E+02    0.6700641E-01
   0.6560000E+02    0.9108619E-01
   0.6570000E+02    0.1143514E+00
   0.6580000E+02    0.1366952E+00
   0.6590000E+02    0.1580517E+00
   0.6600000E+02    0.1783827E+00
   0.6610000E+02    0.1976598E+00
   0.6620000E+02    0.2158458E+00
   0.6630000E+02    0.2328799E+00
   0.6640000E+02    0.2486701E+00
   0.6650000E+02    0.2630962E+00
   0.6660000E+02    0.2760185E+00
   0.6670000E+02    0.2872965E+00
   0.6680000E+02    0.2968068E+00
   0.6690000E+02    0.3044610E+00
   0.6700000E+02    0.3102160E+00
   0.6710000E+02    0.3140767E+00
   0.6720000E+02    0.3160890E+00
   0.6730000E+02    0.3163262E+00
   0.6740000E+02    0.3148710E+00
   0.6750000E+02    0.3117972E+00
   0.6760000E+02    0.3071574E+00
   0.6770000E+02    0.3009767E+00
   0.6780000E+02    0.2932520E+00
   0.6790000E+02    0.2839755E+00
   0.6800000E+02    0.2731301E+00
   0.6810000E+02    0.2607246E+00
   0.6820000E+02    0.2468002E+00
   0.6830000E+02    0.2314910E+00
   0.6840000E+02    0.2147695E+00
   0.6850000E+02    0.1969471E+00
   0.6860000E+02    0.1781502E+00
   0.6870000E+02    0.1585577E+00
   0.6880000E+02    0.1383319E+00
   0.6890000E+02    0.1176082E+00
   0.6900000E+02    0.9648900E-01
   0.6910000E+02    0.7504909E-01
   0.6920000E+02    0.5334474E-01
   0.6930000E+02    0.3143114E-01
   0.6940000E+02    0.9375768E-02
   0.6950000E+02   -0.1272829E-01
   0.6960000E+02   -0.3475408E-01
   0.6970000E+02   -0.5654491E-01
   0.6980000E+02   -0.7792217E-01
   0.6990000E+02   -0.9870174E-01
   0.7000000E+02   -0.1187092E+00
   0.7010000E+02   -0.1377960E+00
   0.7020000E+02   -0.1558495E+00
   0.7030000E+02   -0.1727970E+00
   0.7040000E+02   -0.1885991E+00
   0.7050000E+02   -0.2032396E+00
   0.7060000E+02   -0.2167104E+00
   0.7070000E+02   -0.2289954E+00
   0.7080000E+02   -0.2400600E+00
   0.7090000E+02   -0.2498432E+00
   0.7100000E+02   -0.2582631E+00
   0.7110000E+02   -0.2652227E+00
   0.7120000E+02   -0.2706257E+00
   0.7130000E+02   -0.2743922E+00
   0.7140000E+02   -0.2764729E+00
   0.7150000E+02   -0.2768575E+00
   0.7160000E+02   -0.2755785E+00
   0.7170000E+02   -0.2727042E+00
   0.7180000E+02   -0.2683280E+00
   0.7190000E+02   -0.2625525E+00
   0.7200000E+02   -0.2554745E+00
   0.7210000E+02   -0.2471715E+00
   0.7220000E+02   -0.2376951E+00
   0.7230000E+02   -0.2270720E+00
   0.7240000E+02   -0.2153088E+00
   0.7250000E+02   -0.2024068E+00
   0.7260000E+02   -0.1883750E+00
   0.7270000E+02   -0.1732450E+00
   0.7280000E+02   -0.1570808E+00
   0.7290000E+02   -0.1399843E+00
   0.7300000E+02   -0.1220924E+00
   0.7310000E+02   -0.1035698E+00
   0.7320000E+02   -0.8459617E-01
   0.7330000E+02   -0.6535155E-01
   0.7340000E+02   -0.4600479E-01
   0.7350000E+02   -0.2669970E-01
   0.7360000E+02   -0.7555480E-02
   0.7370000E+02    0.1133836E-01
   0.7380000E+02    0.2991461E-01
   0.7390000E+02    0.4812081E-01
   0.7400000E+02    0.6590975E-01
   0.7410000E+02    0.8323072E-01
   0.7420000E+02    0.1000230E+00
   0.7430000E+02    0.1162130E+00
   0.7440000E+02    0.1317142E+00
   0.7450000E+02    0.1464309E+00
   0.7460000E+02    0.1602639E+00
   0.7470000E+02    0.1731176E+00
   0.7480000E+02    0.1849037E+00
   0.7490000E+02    0.1955480E+00
   0.7500000E+02    0.2049919E+00
   0.7510000E+02    0.2131925E+00
   0.7520000E+02    0.2201213E+00
   0.7530000E+02    0.2257619E+00
   0.7540000E+02    0.2301049E+00
   0.7550000E+02    0.2331481E+00
   0.7560000E+02    0.2348890E+00
   0.7570000E+02    0.2353282E+00
   0.7580000E+02    0.2344670E+00
   0.7590000E+02    0.2323085E+00
   0.7600000E+02    0.2288617E+00
   0.7610000E+02    0.2241426E+00
   0.7620000E+02    0.2181782E+00
   0.7630000E+02    0.2110084E+00
   0.7640000E+02    0.2026879E+00
   0.7650000E+02    0.1932856E+00
   0.7660000E+02    0.1828821E+00
   0.7670000E+02    0.1715651E+00
   0.7680000E+02    0.1594274E+00
   0.7690000E+02    0.1465576E+00
   0.7700000E+02    0.1330367E+00
   0.7710000E+02    0.1189361E+00
   0.7720000E+02    0.1043167E+00
   0.7730000E+02    0.8923260E-01
   0.7740000E+02    0.7373620E-01
   0.7750000E+02    0.5788703E-01
   0.7760000E+02    0.4175942E-01
   0.7770000E+02    0.2544825E-01
   0.7780000E+02    0.9071226E-02
   0.7790000E+02   -0.7233726E-02
   0.7800000E+02   -0.2331933E-01
   0.7810000E+02   -0.3903747E-01
   0.7820000E+02   -0.5425849E-01
   0.7830000E+02   -0.6888259E-01
   0.7840000E+02   -0.8285017E-01
   0.7850000E+02   -0.9614232E-01
   0.7860000E+02   -0.1087748E+00
   0.7870000E+02   -0.1207809E+00
   0.7880000E+02   -0.1321899E+00
   0.7890000E+02   -0.1430032E+00
   0.7900000E+02   -0.1531743E+00
   0.7910000E+02   -0.1625991E+00
   0.7920000E+02   -0.1711184E+00
   0.7930000E+02   -0.1785358E+00
   0.7940000E+02   -0.1846497E+00
   0.7950000E+02   -0.1892923E+00
   0.7960000E+02   -0.1923705E+00
   0.7970000E+02   -0.1938969E+00
   0.7980000E+02   -0.1940061E+00
   0.7990000E+02   -0.1929464E+00
   0.8000000E+02   -0.1910492E+00
   0.8010000E+02   -0.1886757E+00
   0.8020000E+02   -0.1861519E+00
   0.8030000E+02   -0.1837023E+00
   0.8040000E+02   -0.1813951E+00
   0.8050000E+02   -0.1791117E+00
   0.8060000E+02   -0.1765509E+00
   0.8070000E+02   -0.1732653E+00
   0.8080000E+02   -0.1687324E+00
   0.8090000E+02   -0.1624440E+00
   0.8100000E+02   -0.1540016E+00
   0.8110000E+02   -0.1431988E+00
   0.8120000E+02   -0.1300756E+00
   0.8130000E+02   -0.1149310E+00
   0.8140000E+02   -0.9829238E-01
   0.8150000E+02   -0.8084345E-01
   0.8160000E+02   -0.6332304E-01
   0.8170000E+02   -0.4641474E-01
   0.8180000E+02   -0.3064596E-01
   0.8190000E+02   -0.1631464E-01
   0.8200000E+02   -0.3459585E-02
   0.8210000E+02    0.8122088E-02
   0.8220000E+02    0.1881320E-01
   0.8230000E+02    0.2908417E-01
   0.8240000E+02    0.3938583E-01
   0.8250000E+02    0.5005327E-01
   0.8260000E+02    0.6123475E-01
   0.8270000E+02    0.7286276E-01
   0.8280000E+02    0.8466998E-01
   0.8290000E+02    0.9624707E-01
   0.8300000E+02    0.1071268E+00
   0.8310000E+02    0.1168795E+00
   0.8320000E+02    0.1251955E+00
   0.8330000E+02    0.1319409E+00
   0.8340000E+02    0.1371719E+00
   0.8350000E+02    0.1411092E+00
   0.8360000E+02    0.1440767E+00
   0.8370000E+02    0.1464195E+00
   0.8380000E+02    0.1484210E+00
   0.8390000E+02    0.1502361E+00
   0.8400000E+02    0.1518581E+00
   0.8410000E+02    0.1531210E+00
   0.8420000E+02    0.1537431E+00
   0.8430000E+02    0.1533960E+00
   0.8440000E+02    0.1517852E+00
   0.8450000E+02    0.1487224E+00
   0.8460000E+02    0.1441750E+00
   0.8470000E+02    0.1382809E+00
   0.8480000E+02    0.1313194E+00
   0.8490000E+02    0.1236583E+00
   0.8500000E+02    0.1156740E+00
   0.8510000E+02    0.1076754E+00
   0.8520000E+02    0.9984092E-01
   0.8530000E+02    0.9218953E-01
   0.8540000E+02    0.8458683E-01
   0.8550000E+02    0.7679002E-01
   0.8560000E+02    0.6851700E-01
   0.8570000E+02    0.5952655E-01
   0.8580000E+02    0.4968882E-01
   0.8590000E+02    0.3902629E-01
   0.8600000E+02    0.2773223E-01
   0.8610000E+02    0.1613047E-01
   0.8620000E+02    0.4617768E-02
   0.8630000E+02   -0.6415635E-02
   0.8640000E+02   -0.1666662E-01
   0.8650000E+02   -0.2597798E-01
   0.8660000E+02   -0.3436527E-01
   0.8670000E+02   -0.4200269E-01
   0.8680000E+02   -0.4917220E-01
   0.8690000E+02   -0.5618648E-01
   0.8700000E+02   -0.6330687E-01
   0.8710000E+02   -0.7066722E-01
   0.8720000E+02   -0.7823438E-01
   0.8730000E+02   -0.8580341E-01
   0.8740000E+02   -0.9303667E-01
   0.8750000E+02   -0.9953467E-01
   0.8760000E+02   -0.1049249E+00
   0.8770000E+02   -0.1089453E+00
   0.8780000E+02   -0.1115064E+00
   0.8790000E+02   -0.1127129E+00
   0.8800000E+02   -0.1128402E+00
   0.8810000E+02   -0.1122742E+00
   0.8820000E+02   -0.1114201E+00
   0.8830000E+02   -0.1106087E+00
   0.8840000E+02   -0.1100164E+00
   0.8850000E+02   -0.1096227E+00
   0.8860000E+02   -0.1092120E+00
   0.8870000E+02   -0.1084236E+00
   0.8880000E+02   -0.1068379E+00
   0.8890000E+02   -0.1040792E+00
   0.8900000E+02   -0.9991361E-01
   0.8910000E+02   -0.9431543E-01
   0.8920000E+02   -0.8748862E-01
   0.8930000E+02   -0.7983516E-01
   0.8940000E+02   -0.7187609E-01
   0.8950000E+02   -0.6414339E-01
   0.8960000E+02   -0.5706255E-01
   0.8970000E+02   -0.5085940E-01
   0.8980000E+02   -0.4550784E-01
   0.8990000E+02   -0.4073360E-01
   0.9000000E+02   -0.3607765E-01
   0.9010000E+02   -0.3100324E-01
   0.9020000E+02   -0.2502689E-01
   0.9030000E+02   -0.1784280E-01
   0.9040000E+02   -0.9412671E-02
   0.9050000E+02    0.1057068E-05
   0.9060000E+02    0.9868050E-02
   0.9070000E+02    0.1948513E-01
   0.9080000E+02    0.2811586E-01
   0.9090000E+02    0.3514462E-01
   0.9100000E+02    0.4021326E-01
   0.9110000E+02    0.4331164E-01
   0.9120000E+02    0.4479876E-01
   0.9130000E+02    0.4534918E-01
   0.9140000E+02    0.4583278E-01
   0.9150000E+02    0.4715166E-01
   0.9160000E+02    0.5006281E-01
   0.9170000E+02    0.5502754E-01
   0.9180000E+02    0.6211215E-01
   0.9190000E+02    0.7096316E-01
   0.9200000E+02    0.8086092E-01
   0.9210000E+02    0.9084091E-01
   0.9220000E+02    0.9985882E-01
   0.9230000E+02    0.1069662E+00
   0.9240000E+02    0.1114639E+00
   0.9250000E+02    0.1130058E+00
   0.9260000E+02    0.1116318E+00
   0.9270000E+02    0.1077321E+00
   0.9280000E+02    0.1019093E+00
   0.9290000E+02    0.9506302E-01
   0.9300000E+02    0.8780591E-01
   0.9310000E+02    0.8080040E-01
   0.9320000E+02    0.7443953E-01
   0.9330000E+02    0.6887999E-01
   0.9340000E+02    0.6406584E-01
   0.9350000E+02    0.5979882E-01
   0.9360000E+02    0.5579196E-01
   0.9370000E+02    0.5192001E-01
   0.9380000E+02    0.4794658E-01
   0.9390000E+02    0.4388083E-01
   0.9400000E+02    0.3979452E-01
   0.9410000E+02    0.3580884E-01
   0.9420000E+02    0.3203097E-01
   0.9430000E+02    0.2849454E-01
   0.9440000E+02    0.2512172E-01
   0.9450000E+02    0.2171920E-01
   0.9460000E+02    0.1800922E-01
   0.9470000E+02    0.1369321E-01
   0.9480000E+02    0.8528650E-02
   0.9490000E+02    0.2402036E-02
   0.9500000E+02   -0.4621247E-02
   0.9510000E+02   -0.1228508E-01
   0.9520000E+02   -0.2017377E-01
   0.9530000E+02   -0.2778165E-01
   0.9540000E+02   -0.3460697E-01
   0.9550000E+02   -0.4024971E-01
   0.9560000E+02   -0.4449139E-01
   0.9570000E+02   -0.4733821E-01
   0.9580000E+02   -0.4901739E-01
   0.9590000E+02   -0.4992585E-01
   0.9600000E+02   -0.5054265E-01
   0.9610000E+02   -0.5132108E-01
   0.9620000E+02   -0.5260102E-01
   0.9630000E+02   -0.5451267E-01
   0.9640000E+02   -0.5697225E-01
   0.9650000E+02   -0.5969193E-01
   0.9660000E+02   -0.6224913E-01
   0.9670000E+02   -0.6418336E-01
   0.9680000E+02   -0.6510178E-01
   0.9690000E+02   -0.6476833E-01
   0.9700000E+02   -0.6315889E-01
   0.9710000E+02   -0.6046679E-01
   0.9720000E+02   -0.5706093E-01
   0.9730000E+02   -0.5340424E-01
   0.9740000E+02   -0.4995192E-01
   0.9750000E+02   -0.4705233E-01
   0.9760000E+02   -0.4487342E-01
   0.9770000E+02   -0.4336991E-01
   0.9780000E+02   -0.4230174E-01
   0.9790000E+02   -0.4129301E-01
   0.9800000E+02   -0.3992652E-01
   0.9810000E+02   -0.3784272E-01
   0.9820000E+02   -0.3482717E-01
   0.9830000E+02   -0.3086455E-01
   0.9840000E+02   -0.2614801E-01
   0.9850000E+02   -0.2102973E-01
   0.9860000E+02   -0.1596211E-01
   0.9870000E+02   -0.1138109E-01
   0.9880000E+02   -0.7620958E-02
   0.9890000E+02   -0.4839441E-02
   0.9900000E+02   -0.2987886E-02
   0.9910000E+02   -0.1826078E-02
   0.9920000E+02   -0.9820281E-03
   0.9930000E+02   -0.4000183E-04
   0.9940000E+02    0.1360890E-02
   0.9950000E+02    0.3442213E-02
   0.9960000E+02    0.6234049E-02
   0.9970000E+02    0.9566995E-02
   0.9980000E+02    0.1310877E-01
   0.9990000E+02    0.1644010E-01
   0.1000000E+03    0.1914907E-01
