   0.0000000E+00    0.1000000E+01
   0.1000000E+01   -0.1799667E-03
   0.2000000E+01    0.3483264E-04
   0.3000000E+01    0.9370060E-04
   0.4000000E+01    0.1374589E-03
   0.5000000E+01    0.1190380E-03
   0.6000000E+01    0.4911057E-04
   0.7000000E+01    0.2147293E+00
   0.8000000E+01   -0.7742046E-04
   0.9000000E+01   -0.5730741E-04
   0.1000000E+02    0.1670785E-04
   0.1100000E+02    0.2244656E+00
   0.1200000E+02   -0.7958542E-04
   0.1300000E+02   -0.4807696E-04
   0.1400000E+02   -0.1488753E-03
   0.1500000E+02   -0.1251920E-03
   0.1600000E+02   -0.1073016E-04
   0.1700000E+02    0.1301280E-03
   0.1800000E+02    0.2438386E+00
   0.1900000E+02    0.1903768E-03
   0.2000000E+02    0.7108824E-04
   0.2100000E+02   -0.2724946E-03
   0.2200000E+02   -0.4231738E-03
   0.2300000E+02   -0.3113136E-03
   0.2400000E+02    0.3147112E-05
   0.2500000E+02    0.3406011E-03
   0.2600000E+02    0.5007666E-03
   0.2700000E+02    0.3842943E-03
   0.2800000E+02    0.5359825E-04
   0.2900000E+02   -0.3019791E-03
   0.3000000E+02   -0.4708560E-03
   0.3100000E+02   -0.3477089E-03
   0.3200000E+02    0.2340706E-05
   0.3300000E+02    0.2972561E+00
   0.3400000E+02    0.5605589E-03
   0.3500000E+02    0.4317401E-03
   0.3600000E+02    0.6143689E-04
   0.3700000E+02    0.3153821E+00
   0.3800000E+02   -0.5306479E-03
   0.3900000E+02   -0.3934965E-03
   0.4000000E+02    0.3307046E+00
   0.4100000E+02    0.4295227E-03
   0.4200000E+02    0.6365661E-03
   0.4300000E+02    0.4922744E-03
   0.4400000E+02    0.7147584E-04
   0.4500000E+02   -0.3862207E-03
   0.4600000E+02   -0.6078339E-03
   0.4700000E+02   -0.4528508E-03
   0.4800000E+02   -0.2537570E-03
   0.4900000E+02    0.1009724E-03
   0.5000000E+02    0.4287787E-03
   0.5100000E+02    0.4046564E+00
   0.5200000E+02    0.3452117E-03
   0.5300000E+02   -0.3720911E-04
   0.5400000E+02   -0.7259443E-03
   0.5500000E+02   -0.9508788E-03
   0.5600000E+02   -0.5995319E-03
   0.5700000E+02    0.1460845E-03
   0.5800000E+02    0.8574148E-03
   0.5900000E+02    0.1107774E-02
   0.6000000E+02    0.7257713E-03
   0.6100000E+02   -0.9134421E-04
   0.6200000E+02   -0.8748572E-03
   0.6300000E+02   -0.1152568E-02
   0.6400000E+02   -0.7313447E-03
   0.6500000E+02    0.1769599E-03
   0.6600000E+02    0.1053394E-02
   0.6700000E+02    0.1370105E-02
   0.6800000E+02    0.9041620E-03
   0.6900000E+02   -0.1123969E-03
   0.7000000E+02    0.6511847E+00
   0.7100000E+02   -0.1461825E-02
   0.7200000E+02   -0.9358818E-03
   0.7300000E+02    0.2254784E-03
   0.7400000E+02    0.1365509E-02
   0.7500000E+02    0.1793871E-02
   0.7600000E+02    0.1196723E-02
   0.7700000E+02    0.8417749E+00
   0.7800000E+02   -0.1483458E-02
   0.7900000E+02   -0.1995996E-02
   0.8000000E+02   -0.1296257E-02
   0.8100000E+02   -0.3601274E-03
   0.8200000E+02    0.8626406E-03
   0.8300000E+02    0.1722036E-02
   0.8400000E+02    0.1651329E-02
   0.8500000E+02    0.5804529E-03
   0.8600000E+02   -0.9546608E-03
   0.8700000E+02   -0.2068356E-02
   0.8800000E+02    0.1553839E+01
   0.8900000E+02   -0.2310279E-02
   0.9000000E+02    0.6368036E-04
   0.9100000E+02    0.1341343E-02
   0.9200000E+02    0.2268500E-02
   0.9300000E+02    0.1957303E-02
   0.9400000E+02    0.2739367E-03
   0.9500000E+02   -0.2125657E-02
   0.9600000E+02   -0.3955792E-02
   0.9700000E+02   -0.3749739E-02
   0.9800000E+02   -0.4091777E-03
   0.9900000E+02   -0.3252824E-06
   0.1000000E+03   -0.1177719E-06
