   0.0000000E+00    0.1000000E+01
   0.1000000E+00    0.9942177E+00
   0.2000000E+00    0.9755247E+00
   0.3000000E+00    0.9457509E+00
   0.4000000E+00    0.9076140E+00
   0.5000000E+00    0.8642509E+00
   0.6000000E+00    0.8186888E+00
   0.7000000E+00    0.7733618E+00
   0.8000000E+00    0.7297599E+00
   0.9000000E+00    0.6882716E+00
   0.1000000E+01    0.6482443E+00
   0.1100000E+01    0.6082374E+00
   0.1200000E+01    0.5664094E+00
   0.1300000E+01    0.5209543E+00
   0.1400000E+01    0.4704977E+00
   0.1500000E+01    0.4143746E+00
   0.1600000E+01    0.3527406E+00
   0.1700000E+01    0.2865067E+00
   0.1800000E+01    0.2171186E+00
   0.1900000E+01    0.1462488E+00
   0.2000000E+01    0.7546388E-01
   0.2100000E+01    0.5949576E-02
   0.2200000E+01   -0.6165349E-01
   0.2300000E+01   -0.1272717E+00
   0.2400000E+01   -0.1912835E+00
   0.2500000E+01   -0.2543019E+00
   0.2600000E+01   -0.3169131E+00
   0.2700000E+01   -0.3794341E+00
   0.2800000E+01   -0.4417478E+00
   0.2900000E+01   -0.5032529E+00
   0.3000000E+01   -0.5629366E+00
   0.3100000E+01   -0.6195498E+00
   0.3200000E+01   -0.6718411E+00
   0.3300000E+01   -0.7187913E+00
   0.3400000E+01   -0.7597940E+00
   0.3500000E+01   -0.7947394E+00
   0.3600000E+01   -0.8239835E+00
   0.3700000E+01   -0.8482114E+00
   0.3800000E+01   -0.8682308E+00
   0.3900000E+01   -0.8847420E+00
   0.4000000E+01   -0.8981437E+00
   0.4100000E+01   -0.9084169E+00
   0.4200000E+01   -0.9151162E+00
   0.4300000E+01   -0.9174671E+00
   0.4400000E+01   -0.9145478E+00
   0.4500000E+01   -0.9055100E+00
   0.4600000E+01   -0.8897886E+00
   0.4700000E+01   -0.8672474E+00
   0.4800000E+01   -0.8382314E+00
   0.4900000E+01   -0.8035097E+00
   0.5000000E+01   -0.7641270E+00
   0.5100000E+01   -0.7211949E+00
   0.5200000E+01   -0.6756761E+00
   0.5300000E+01   -0.6282092E+00
   0.5400000E+01   -0.5790157E+00
   0.5500000E+01   -0.5279103E+00
   0.5600000E+01   -0.4744116E+00
   0.5700000E+01   -0.4179251E+00
   0.5800000E+01   -0.3579575E+00
   0.5900000E+01   -0.2943089E+00
   0.6000000E+01   -0.2271995E+00
   0.6100000E+01   -0.1572993E+00
   0.6200000E+01   -0.8565667E-01
   0.6300000E+01   -0.1353776E-01
   0.6400000E+01    0.5778192E-01
   0.6500000E+01    0.1272289E+00
   0.6600000E+01    0.1940952E+00
   0.6700000E+01    0.2581173E+00
   0.6800000E+01    0.3194533E+00
   0.6900000E+01    0.3785645E+00
   0.7000000E+01    0.4360253E+00
   0.7100000E+01    0.4923141E+00
   0.7200000E+01    0.5476253E+00
   0.7300000E+01    0.6017521E+00
   0.7400000E+01    0.6540647E+00
   0.7500000E+01    0.7035895E+00
   0.7600000E+01    0.7491729E+00
   0.7700000E+01    0.7896899E+00
   0.7800000E+01    0.8242513E+00
   0.7900000E+01    0.8523617E+00
   0.8000000E+01    0.8739920E+00
   0.8100000E+01    0.8895507E+00
   0.8200000E+01    0.8997599E+00
   0.8300000E+01    0.9054659E+00
   0.8400000E+01    0.9074250E+00
   0.8500000E+01    0.9061198E+00
   0.8600000E+01    0.9016381E+00
   0.8700000E+01    0.8936530E+00
   0.8800000E+01    0.8815007E+00
   0.8900000E+01    0.8643440E+00
   0.9000000E+01    0.8413781E+00
   0.9100000E+01    0.8120445E+00
   0.9200000E+01    0.7761877E+00
   0.9300000E+01    0.7341353E+00
   0.9400000E+01    0.6866741E+00
   0.9500000E+01    0.6349288E+00
   0.9600000E+01    0.5801726E+00
   0.9700000E+01    0.5236058E+00
   0.9800000E+01    0.4661545E+00
   0.9900000E+01    0.4083298E+00
   0.1000000E+02    0.3501781E+00
   0.1010000E+02    0.2913315E+00
   0.1020000E+02    0.2311456E+00
   0.1030000E+02    0.1688951E+00
   0.1040000E+02    0.1039838E+00
   0.1050000E+02    0.3612621E-01
   0.1060000E+02   -0.3453708E-01
   0.1070000E+02   -0.1073540E+00
   0.1080000E+02   -0.1815092E+00
   0.1090000E+02   -0.2555837E+00
   0.1100000E+02   -0.3283057E+00
   0.1110000E+02   -0.3984418E+00
   0.1120000E+02   -0.4650014E+00
   0.1130000E+02   -0.5273221E+00
   0.1140000E+02   -0.5850836E+00
   0.1150000E+02   -0.6382536E+00
   0.1160000E+02   -0.6869844E+00
   0.1170000E+02   -0.7314895E+00
   0.1180000E+02   -0.7719287E+00
   0.1190000E+02   -0.8083435E+00
   0.1200000E+02   -0.8406054E+00
   0.1210000E+02   -0.8684679E+00
   0.1220000E+02   -0.8916195E+00
   0.1230000E+02   -0.9097716E+00
   0.1240000E+02   -0.9227374E+00
   0.1250000E+02   -0.9304828E+00
   0.1260000E+02   -0.9331349E+00
   0.1270000E+02   -0.9309471E+00
   0.1280000E+02   -0.9242261E+00
   0.1290000E+02   -0.9132458E+00
   0.1300000E+02   -0.8981694E+00
   0.1310000E+02   -0.8789954E+00
   0.1320000E+02   -0.8555524E+00
   0.1330000E+02   -0.8275389E+00
   0.1340000E+02   -0.7946043E+00
   0.1350000E+02   -0.7564513E+00
   0.1360000E+02   -0.7129381E+00
   0.1370000E+02   -0.6641548E+00
   0.1380000E+02   -0.6104569E+00
   0.1390000E+02   -0.5524478E+00
   0.1400000E+02   -0.4909117E+00
   0.1410000E+02   -0.4267132E+00
   0.1420000E+02   -0.3606853E+00
   0.1430000E+02   -0.2935283E+00
   0.1440000E+02   -0.2257440E+00
   0.1450000E+02   -0.1576158E+00
   0.1460000E+02   -0.8924034E-01
   0.1470000E+02   -0.2059775E-01
   0.1480000E+02    0.4835180E-01
   0.1490000E+02    0.1175726E+00
   0.1500000E+02    0.1868797E+00
   0.1510000E+02    0.2559010E+00
   0.1520000E+02    0.3240866E+00
   0.1530000E+02    0.3907590E+00
   0.1540000E+02    0.4551926E+00
   0.1550000E+02    0.5167038E+00
   0.1560000E+02    0.5747296E+00
   0.1570000E+02    0.6288785E+00
   0.1580000E+02    0.6789428E+00
   0.1590000E+02    0.7248704E+00
   0.1600000E+02    0.7667068E+00
   0.1610000E+02    0.8045198E+00
   0.1620000E+02    0.8383278E+00
   0.1630000E+02    0.8680479E+00
   0.1640000E+02    0.8934757E+00
   0.1650000E+02    0.9143013E+00
   0.1660000E+02    0.9301561E+00
   0.1670000E+02    0.9406783E+00
   0.1680000E+02    0.9455813E+00
   0.1690000E+02    0.9447088E+00
   0.1700000E+02    0.9380623E+00
   0.1710000E+02    0.9257983E+00
   0.1720000E+02    0.9081930E+00
   0.1730000E+02    0.8855884E+00
   0.1740000E+02    0.8583296E+00
   0.1750000E+02    0.8267110E+00
   0.1760000E+02    0.7909440E+00
   0.1770000E+02    0.7511516E+00
   0.1780000E+02    0.7073923E+00
   0.1790000E+02    0.6597033E+00
   0.1800000E+02    0.6081566E+00
   0.1810000E+02    0.5529056E+00
   0.1820000E+02    0.4942173E+00
   0.1830000E+02    0.4324784E+00
   0.1840000E+02    0.3681747E+00
   0.1850000E+02    0.3018488E+00
   0.1860000E+02    0.2340469E+00
   0.1870000E+02    0.1652679E+00
   0.1880000E+02    0.9592720E-01
   0.1890000E+02    0.2634364E-01
   0.1900000E+02   -0.4324712E-01
   0.1910000E+02   -0.1126567E+00
   0.1920000E+02   -0.1816958E+00
   0.1930000E+02   -0.2501246E+00
   0.1940000E+02   -0.3176169E+00
   0.1950000E+02   -0.3837446E+00
   0.1960000E+02   -0.4479902E+00
   0.1970000E+02   -0.5097819E+00
   0.1980000E+02   -0.5685470E+00
   0.1990000E+02   -0.6237665E+00
   0.2000000E+02   -0.6750235E+00
   0.2010000E+02   -0.7220301E+00
   0.2020000E+02   -0.7646296E+00
   0.2030000E+02   -0.8027717E+00
   0.2040000E+02   -0.8364700E+00
   0.2050000E+02   -0.8657478E+00
   0.2060000E+02   -0.8905923E+00
   0.2070000E+02   -0.9109204E+00
   0.2080000E+02   -0.9265692E+00
   0.2090000E+02   -0.9373135E+00
   0.2100000E+02   -0.9429019E+00
   0.2110000E+02   -0.9431067E+00
   0.2120000E+02   -0.9377724E+00
   0.2130000E+02   -0.9268531E+00
   0.2140000E+02   -0.9104290E+00
   0.2150000E+02   -0.8886998E+00
   0.2160000E+02   -0.8619520E+00
   0.2170000E+02   -0.8305209E+00
   0.2180000E+02   -0.7947231E+00
   0.2190000E+02   -0.7548546E+00
   0.2200000E+02   -0.7111297E+00
   0.2210000E+02   -0.6637029E+00
   0.2220000E+02   -0.6126851E+00
   0.2230000E+02   -0.5581826E+00
   0.2240000E+02   -0.5003833E+00
   0.2250000E+02   -0.4393840E+00
   0.2260000E+02   -0.3756363E+00
   0.2270000E+02   -0.3095251E+00
   0.2280000E+02   -0.2415605E+00
   0.2290000E+02   -0.1722959E+00
   0.2300000E+02   -0.1022837E+00
   0.2310000E+02   -0.3202905E-01
   0.2320000E+02    0.3803990E-01
   0.2330000E+02    0.1075845E+00
   0.2340000E+02    0.1763430E+00
   0.2350000E+02    0.2441024E+00
   0.2360000E+02    0.3106568E+00
   0.2370000E+02    0.3757666E+00
   0.2380000E+02    0.4391275E+00
   0.2390000E+02    0.5003580E+00
   0.2400000E+02    0.5590088E+00
   0.2410000E+02    0.6145918E+00
   0.2420000E+02    0.6666233E+00
   0.2430000E+02    0.7146682E+00
   0.2440000E+02    0.7583802E+00
   0.2450000E+02    0.7975214E+00
   0.2460000E+02    0.8319628E+00
   0.2470000E+02    0.8616635E+00
   0.2480000E+02    0.8866295E+00
   0.2490000E+02    0.9068903E+00
   0.2500000E+02    0.9224216E+00
   0.2510000E+02    0.9331599E+00
   0.2520000E+02    0.9389784E+00
   0.2530000E+02    0.9397091E+00
   0.2540000E+02    0.9351766E+00
   0.2550000E+02    0.9252410E+00
   0.2560000E+02    0.9098408E+00
   0.2570000E+02    0.8890203E+00
   0.2580000E+02    0.8629406E+00
   0.2590000E+02    0.8318676E+00
   0.2600000E+02    0.7961408E+00
   0.2610000E+02    0.7561305E+00
   0.2620000E+02    0.7121941E+00
   0.2630000E+02    0.6646404E+00
   0.2640000E+02    0.6137137E+00
   0.2650000E+02    0.5595950E+00
   0.2660000E+02    0.5024289E+00
   0.2670000E+02    0.4423598E+00
   0.2680000E+02    0.3795746E+00
   0.2690000E+02    0.3143378E+00
   0.2700000E+02    0.2470113E+00
   0.2710000E+02    0.1780529E+00
   0.2720000E+02    0.1079933E+00
   0.2730000E+02    0.3739835E-01
   0.2740000E+02   -0.3317902E-01
   0.2750000E+02   -0.1032396E+00
   0.2760000E+02   -0.1723674E+00
   0.2770000E+02   -0.2402384E+00
   0.2780000E+02   -0.3066077E+00
   0.2790000E+02   -0.3712781E+00
   0.2800000E+02   -0.4340589E+00
   0.2810000E+02   -0.4947256E+00
   0.2820000E+02   -0.5529901E+00
   0.2830000E+02   -0.6084898E+00
   0.2840000E+02   -0.6607997E+00
   0.2850000E+02   -0.7094618E+00
   0.2860000E+02   -0.7540303E+00
   0.2870000E+02   -0.7941161E+00
   0.2880000E+02   -0.8294240E+00
   0.2890000E+02   -0.8597728E+00
   0.2900000E+02   -0.8850925E+00
   0.2910000E+02   -0.9054007E+00
   0.2920000E+02   -0.9207635E+00
   0.2930000E+02   -0.9312511E+00
   0.2940000E+02   -0.9368997E+00
   0.2950000E+02   -0.9376855E+00
   0.2960000E+02   -0.9335263E+00
   0.2970000E+02   -0.9242977E+00
   0.2980000E+02   -0.9098722E+00
   0.2990000E+02   -0.8901623E+00
   0.3000000E+02   -0.8651639E+00
   0.3010000E+02   -0.8349867E+00
   0.3020000E+02   -0.7998577E+00
   0.3030000E+02   -0.7601087E+00
   0.3040000E+02   -0.7161406E+00
   0.3050000E+02   -0.6683770E+00
   0.3060000E+02   -0.6172181E+00
   0.3070000E+02   -0.5630047E+00
   0.3080000E+02   -0.5060019E+00
   0.3090000E+02   -0.4464069E+00
   0.3100000E+02   -0.3843769E+00
   0.3110000E+02   -0.3200711E+00
   0.3120000E+02   -0.2536966E+00
   0.3130000E+02   -0.1855445E+00
   0.3140000E+02   -0.1160092E+00
   0.3150000E+02   -0.4558231E-01
   0.3160000E+02    0.2517498E-01
   0.3170000E+02    0.9567652E-01
   0.3180000E+02    0.1653622E+00
   0.3190000E+02    0.2337440E+00
   0.3200000E+02    0.3004322E+00
   0.3210000E+02    0.3651427E+00
   0.3220000E+02    0.4276761E+00
   0.3230000E+02    0.4878801E+00
   0.3240000E+02    0.5456003E+00
   0.3250000E+02    0.6006366E+00
   0.3260000E+02    0.6527122E+00
   0.3270000E+02    0.7014681E+00
   0.3280000E+02    0.7464796E+00
   0.3290000E+02    0.7872991E+00
   0.3300000E+02    0.8235063E+00
   0.3310000E+02    0.8547610E+00
   0.3320000E+02    0.8808412E+00
   0.3330000E+02    0.9016575E+00
   0.3340000E+02    0.9172413E+00
   0.3350000E+02    0.9277075E+00
   0.3360000E+02    0.9332026E+00
   0.3370000E+02    0.9338501E+00
   0.3380000E+02    0.9297169E+00
   0.3390000E+02    0.9207407E+00
   0.3400000E+02    0.9068507E+00
   0.3410000E+02    0.8878901E+00
   0.3420000E+02    0.8637322E+00
   0.3430000E+02    0.8343292E+00
   0.3440000E+02    0.7997648E+00
   0.3450000E+02    0.7602807E+00
   0.3460000E+02    0.7162719E+00
   0.3470000E+02    0.6682486E+00
   0.3480000E+02    0.6167719E+00
   0.3490000E+02    0.5623802E+00
   0.3500000E+02    0.5055201E+00
   0.3510000E+02    0.4465030E+00
   0.3520000E+02    0.3854954E+00
   0.3530000E+02    0.3225499E+00
   0.3540000E+02    0.2576676E+00
   0.3550000E+02    0.1908791E+00
   0.3560000E+02    0.1223263E+00
   0.3570000E+02    0.5232085E-01
   0.3580000E+02   -0.1863349E-01
   0.3590000E+02   -0.8986452E-01
   0.3600000E+02   -0.1605950E+00
   0.3610000E+02   -0.2300375E+00
   0.3620000E+02   -0.2974950E+00
   0.3630000E+02   -0.3624452E+00
   0.3640000E+02   -0.4245880E+00
   0.3650000E+02   -0.4838425E+00
   0.3660000E+02   -0.5402918E+00
   0.3670000E+02   -0.5940874E+00
   0.3680000E+02   -0.6453324E+00
   0.3690000E+02   -0.6939787E+00
   0.3700000E+02   -0.7397515E+00
   0.3710000E+02   -0.7821353E+00
   0.3720000E+02   -0.8204202E+00
   0.3730000E+02   -0.8538068E+00
   0.3740000E+02   -0.8815465E+00
   0.3750000E+02   -0.9030914E+00
   0.3760000E+02   -0.9182082E+00
   0.3770000E+02   -0.9270433E+00
   0.3780000E+02   -0.9301077E+00
   0.3790000E+02   -0.9281849E+00
   0.3800000E+02   -0.9221751E+00
   0.3810000E+02   -0.9129073E+00
   0.3820000E+02   -0.9009566E+00
   0.3830000E+02   -0.8865074E+00
   0.3840000E+02   -0.8692938E+00
   0.3850000E+02   -0.8486342E+00
   0.3860000E+02   -0.8235570E+00
   0.3870000E+02   -0.7929950E+00
   0.3880000E+02   -0.7560110E+00
   0.3890000E+02   -0.7120099E+00
   0.3900000E+02   -0.6608946E+00
   0.3910000E+02   -0.6031306E+00
   0.3920000E+02   -0.5397086E+00
   0.3930000E+02   -0.4720111E+00
   0.3940000E+02   -0.4016079E+00
   0.3950000E+02   -0.3300243E+00
   0.3960000E+02   -0.2585286E+00
   0.3970000E+02   -0.1879785E+00
   0.3980000E+02   -0.1187613E+00
   0.3990000E+02   -0.5082954E-01
   0.4000000E+02    0.1617505E-01
   0.4010000E+02    0.8273710E-01
   0.4020000E+02    0.1492733E+00
   0.4030000E+02    0.2159637E+00
   0.4040000E+02    0.2826506E+00
   0.4050000E+02    0.3488227E+00
   0.4060000E+02    0.4136877E+00
   0.4070000E+02    0.4763126E+00
   0.4080000E+02    0.5357959E+00
   0.4090000E+02    0.5914337E+00
   0.4100000E+02    0.6428320E+00
   0.4110000E+02    0.6899482E+00
   0.4120000E+02    0.7330417E+00
   0.4130000E+02    0.7725498E+00
   0.4140000E+02    0.8089171E+00
   0.4150000E+02    0.8424163E+00
   0.4160000E+02    0.8730081E+00
   0.4170000E+02    0.9002699E+00
   0.4180000E+02    0.9234181E+00
   0.4190000E+02    0.9414180E+00
   0.4200000E+02    0.9531678E+00
   0.4210000E+02    0.9577066E+00
   0.4220000E+02    0.9544135E+00
   0.4230000E+02    0.9431458E+00
   0.4240000E+02    0.9242882E+00
   0.4250000E+02    0.8986992E+00
   0.4260000E+02    0.8675660E+00
   0.4270000E+02    0.8321956E+00
   0.4280000E+02    0.7937858E+00
   0.4290000E+02    0.7532266E+00
   0.4300000E+02    0.7109692E+00
   0.4310000E+02    0.6669950E+00
   0.4320000E+02    0.6208821E+00
   0.4330000E+02    0.5719620E+00
   0.4340000E+02    0.5195239E+00
   0.4350000E+02    0.4630287E+00
   0.4360000E+02    0.4022753E+00
   0.4370000E+02    0.3375014E+00
   0.4380000E+02    0.2693772E+00
   0.4390000E+02    0.1989189E+00
   0.4400000E+02    0.1273162E+00
   0.4410000E+02    0.5574493E-01
   0.4420000E+02   -0.1482121E-01
   0.4430000E+02   -0.8374097E-01
   0.4440000E+02   -0.1507565E+00
   0.4450000E+02   -0.2159540E+00
   0.4460000E+02   -0.2796495E+00
   0.4470000E+02   -0.3422210E+00
   0.4480000E+02   -0.4039336E+00
   0.4490000E+02   -0.4647959E+00
   0.4500000E+02   -0.5244816E+00
   0.4510000E+02   -0.5823328E+00
   0.4520000E+02   -0.6374451E+00
   0.4530000E+02   -0.6888127E+00
   0.4540000E+02   -0.7355027E+00
   0.4550000E+02   -0.7768098E+00
   0.4560000E+02   -0.8123694E+00
   0.4570000E+02   -0.8421866E+00
   0.4580000E+02   -0.8665884E+00
   0.4590000E+02   -0.8861071E+00
   0.4600000E+02   -0.9013154E+00
   0.4610000E+02   -0.9126638E+00
   0.4620000E+02   -0.9203505E+00
   0.4630000E+02   -0.9242563E+00
   0.4640000E+02   -0.9239636E+00
   0.4650000E+02   -0.9188484E+00
   0.4660000E+02   -0.9082324E+00
   0.4670000E+02   -0.8915503E+00
   0.4680000E+02   -0.8685067E+00
   0.4690000E+02   -0.8391680E+00
   0.4700000E+02   -0.8039836E+00
   0.4710000E+02   -0.7637201E+00
   0.4720000E+02   -0.7193279E+00
   0.4730000E+02   -0.6717670E+00
   0.4740000E+02   -0.6218348E+00
   0.4750000E+02   -0.5700335E+00
   0.4760000E+02   -0.5165085E+00
   0.4770000E+02   -0.4610742E+00
   0.4780000E+02   -0.4033204E+00
   0.4790000E+02   -0.3427764E+00
   0.4800000E+02   -0.2790969E+00
   0.4810000E+02   -0.2122240E+00
   0.4820000E+02   -0.1424905E+00
   0.4830000E+02   -0.7063700E-01
   0.4840000E+02    0.2261572E-02
   0.4850000E+02    0.7494674E-01
   0.4860000E+02    0.1461722E+00
   0.4870000E+02    0.2149005E+00
   0.4880000E+02    0.2804608E+00
   0.4890000E+02    0.3426261E+00
   0.4900000E+02    0.4015995E+00
   0.4910000E+02    0.4579042E+00
   0.4920000E+02    0.5122076E+00
   0.4930000E+02    0.5651100E+00
   0.4940000E+02    0.6169499E+00
   0.4950000E+02    0.6676713E+00
   0.4960000E+02    0.7167660E+00
   0.4970000E+02    0.7633345E+00
   0.4980000E+02    0.8062138E+00
   0.4990000E+02    0.8441848E+00
   0.5000000E+02    0.8761831E+00
   0.5010000E+02    0.9015131E+00
   0.5020000E+02    0.9198220E+00
   0.5030000E+02    0.9314043E+00
   0.5040000E+02    0.9368411E+00
   0.5050000E+02    0.9369846E+00
   0.5060000E+02    0.9327249E+00
   0.5070000E+02    0.9247880E+00
   0.5080000E+02    0.9135730E+00
   0.5090000E+02    0.8990736E+00
   0.5100000E+02    0.8808934E+00
   0.5110000E+02    0.8583544E+00
   0.5120000E+02    0.8306770E+00
   0.5130000E+02    0.7971854E+00
   0.5140000E+02    0.7574987E+00
   0.5150000E+02    0.7116659E+00
   0.5160000E+02    0.6602086E+00
   0.5170000E+02    0.6040669E+00
   0.5180000E+02    0.5444569E+00
   0.5190000E+02    0.4826692E+00
   0.5200000E+02    0.4198523E+00
   0.5210000E+02    0.3568244E+00
   0.5220000E+02    0.2939552E+00
   0.5230000E+02    0.2311415E+00
   0.5240000E+02    0.1678822E+00
   0.5250000E+02    0.1034379E+00
   0.5260000E+02    0.3704175E-01
   0.5270000E+02   -0.3187953E-01
   0.5280000E+02   -0.1035226E+00
   0.5290000E+02   -0.1775898E+00
   0.5300000E+02   -0.2532731E+00
   0.5310000E+02   -0.3293232E+00
   0.5320000E+02   -0.4042048E+00
   0.5330000E+02   -0.4762948E+00
   0.5340000E+02   -0.5440952E+00
   0.5350000E+02   -0.6064090E+00
   0.5360000E+02   -0.6624619E+00
   0.5370000E+02   -0.7119417E+00
   0.5380000E+02   -0.7549642E+00
   0.5390000E+02   -0.7919686E+00
   0.5400000E+02   -0.8235805E+00
   0.5410000E+02   -0.8504617E+00
   0.5420000E+02   -0.8731834E+00
   0.5430000E+02   -0.8921381E+00
   0.5440000E+02   -0.9075084E+00
   0.5450000E+02   -0.9192777E+00
   0.5460000E+02   -0.9272842E+00
   0.5470000E+02   -0.9312887E+00
   0.5480000E+02   -0.9310421E+00
   0.5490000E+02   -0.9263344E+00
   0.5500000E+02   -0.9170157E+00
   0.5510000E+02   -0.9029913E+00
   0.5520000E+02   -0.8841972E+00
   0.5530000E+02   -0.8605696E+00
   0.5540000E+02   -0.8320258E+00
   0.5550000E+02   -0.7984596E+00
   0.5560000E+02   -0.7597670E+00
   0.5570000E+02   -0.7158906E+00
   0.5580000E+02   -0.6668721E+00
   0.5590000E+02   -0.6129150E+00
   0.5600000E+02   -0.5544075E+00
   0.5610000E+02   -0.4919347E+00
   0.5620000E+02   -0.4262418E+00
   0.5630000E+02   -0.3581706E+00
   0.5640000E+02   -0.2885717E+00
   0.5650000E+02   -0.2182135E+00
   0.5660000E+02   -0.1477067E+00
   0.5670000E+02   -0.7745733E-01
   0.5680000E+02   -0.7664940E-02
   0.5690000E+02    0.6163807E-01
   0.5700000E+02    0.1305116E+00
   0.5710000E+02    0.1990144E+00
   0.5720000E+02    0.2671120E+00
   0.5730000E+02    0.3346066E+00
   0.5740000E+02    0.4011042E+00
   0.5750000E+02    0.4660263E+00
   0.5760000E+02    0.5286638E+00
   0.5770000E+02    0.5882604E+00
   0.5780000E+02    0.6441093E+00
   0.5790000E+02    0.6956374E+00
   0.5800000E+02    0.7424667E+00
   0.5810000E+02    0.7844305E+00
   0.5820000E+02    0.8215499E+00
   0.5830000E+02    0.8539728E+00
   0.5840000E+02    0.8818906E+00
   0.5850000E+02    0.9054520E+00
   0.5860000E+02    0.9246964E+00
   0.5870000E+02    0.9395167E+00
   0.5880000E+02    0.9496641E+00
   0.5890000E+02    0.9547913E+00
   0.5900000E+02    0.9545230E+00
   0.5910000E+02    0.9485394E+00
   0.5920000E+02    0.9366506E+00
   0.5930000E+02    0.9188449E+00
   0.5940000E+02    0.8953178E+00
   0.5950000E+02    0.8664174E+00
   0.5960000E+02    0.8326187E+00
   0.5970000E+02    0.7944330E+00
   0.5980000E+02    0.7523304E+00
   0.5990000E+02    0.7066839E+00
   0.6000000E+02    0.6577308E+00
   0.6010000E+02    0.6055846E+00
   0.6020000E+02    0.5502688E+00
   0.6030000E+02    0.4917832E+00
   0.6040000E+02    0.4301746E+00
   0.6050000E+02    0.3656047E+00
   0.6060000E+02    0.2983834E+00
   0.6070000E+02    0.2289835E+00
   0.6080000E+02    0.1580095E+00
   0.6090000E+02    0.8614318E-01
   0.6100000E+02    0.1407081E-01
   0.6110000E+02   -0.5758592E-01
   0.6120000E+02   -0.1283246E+00
   0.6130000E+02   -0.1977872E+00
   0.6140000E+02   -0.2657522E+00
   0.6150000E+02   -0.3320947E+00
   0.6160000E+02   -0.3967281E+00
   0.6170000E+02   -0.4595364E+00
   0.6180000E+02   -0.5203192E+00
   0.6190000E+02   -0.5787622E+00
   0.6200000E+02   -0.6344269E+00
   0.6210000E+02   -0.6867894E+00
   0.6220000E+02   -0.7352908E+00
   0.6230000E+02   -0.7794042E+00
   0.6240000E+02   -0.8186981E+00
   0.6250000E+02   -0.8528797E+00
   0.6260000E+02   -0.8818177E+00
   0.6270000E+02   -0.9055225E+00
   0.6280000E+02   -0.9241072E+00
   0.6290000E+02   -0.9377289E+00
   0.6300000E+02   -0.9465263E+00
   0.6310000E+02   -0.9505689E+00
   0.6320000E+02   -0.9498303E+00
   0.6330000E+02   -0.9441900E+00
   0.6340000E+02   -0.9334653E+00
   0.6350000E+02   -0.9174640E+00
   0.6360000E+02   -0.8960434E+00
   0.6370000E+02   -0.8691675E+00
   0.6380000E+02   -0.8369432E+00
   0.6390000E+02   -0.7996272E+00
   0.6400000E+02   -0.7576080E+00
   0.6410000E+02   -0.7113583E+00
   0.6420000E+02   -0.6613771E+00
   0.6430000E+02   -0.6081299E+00
   0.6440000E+02   -0.5520026E+00
   0.6450000E+02   -0.4932785E+00
   0.6460000E+02   -0.4321462E+00
   0.6470000E+02   -0.3687306E+00
   0.6480000E+02   -0.3031653E+00
   0.6490000E+02   -0.2355440E+00
   0.6500000E+02   -0.1661786E+00
   0.6510000E+02   -0.9541718E-01
   0.6520000E+02   -0.2375104E-01
   0.6530000E+02    0.4823547E-01
   0.6540000E+02    0.1199048E+00
   0.6550000E+02    0.1906380E+00
   0.6560000E+02    0.2598787E+00
   0.6570000E+02    0.3271811E+00
   0.6580000E+02    0.3922219E+00
   0.6590000E+02    0.4547926E+00
   0.6600000E+02    0.5147615E+00
   0.6610000E+02    0.5720241E+00
   0.6620000E+02    0.6264490E+00
   0.6630000E+02    0.6778348E+00
   0.6640000E+02    0.7258867E+00
   0.6650000E+02    0.7702237E+00
   0.6660000E+02    0.8104032E+00
   0.6670000E+02    0.8459751E+00
   0.6680000E+02    0.8765348E+00
   0.6690000E+02    0.9017761E+00
   0.6700000E+02    0.9215241E+00
   0.6710000E+02    0.9357448E+00
   0.6720000E+02    0.9445262E+00
   0.6730000E+02    0.9480400E+00
   0.6740000E+02    0.9464872E+00
   0.6750000E+02    0.9400453E+00
   0.6760000E+02    0.9288292E+00
   0.6770000E+02    0.9128724E+00
   0.6780000E+02    0.8921221E+00
   0.6790000E+02    0.8665113E+00
   0.6800000E+02    0.8359435E+00
   0.6810000E+02    0.8004007E+00
   0.6820000E+02    0.7599640E+00
   0.6830000E+02    0.7150029E+00
   0.6840000E+02    0.6653902E+00
   0.6850000E+02    0.6120509E+00
   0.6860000E+02    0.5553447E+00
   0.6870000E+02    0.4957995E+00
   0.6880000E+02    0.4338981E+00
   0.6890000E+02    0.3700443E+00
   0.6900000E+02    0.3045434E+00
   0.6910000E+02    0.2376162E+00
   0.6920000E+02    0.1694283E+00
   0.6930000E+02    0.1001434E+00
   0.6940000E+02    0.2996685E-01
   0.6950000E+02   -0.4081134E-01
   0.6960000E+02   -0.1117886E+00
   0.6970000E+02   -0.1824612E+00
   0.6980000E+02   -0.2522481E+00
   0.6990000E+02   -0.3205426E+00
   0.7000000E+02   -0.3867621E+00
   0.7010000E+02   -0.4504010E+00
   0.7020000E+02   -0.5110650E+00
   0.7030000E+02   -0.5684852E+00
   0.7040000E+02   -0.6225003E+00
   0.7050000E+02   -0.6730228E+00
   0.7060000E+02   -0.7199919E+00
   0.7070000E+02   -0.7633180E+00
   0.7080000E+02   -0.8028495E+00
   0.7090000E+02   -0.8383444E+00
   0.7100000E+02   -0.8694858E+00
   0.7110000E+02   -0.8959027E+00
   0.7120000E+02   -0.9172214E+00
   0.7130000E+02   -0.9331183E+00
   0.7140000E+02   -0.9433703E+00
   0.7150000E+02   -0.9478850E+00
   0.7160000E+02   -0.9467153E+00
   0.7170000E+02   -0.9400385E+00
   0.7180000E+02   -0.9281209E+00
   0.7190000E+02   -0.9112648E+00
   0.7200000E+02   -0.8897561E+00
   0.7210000E+02   -0.8638172E+00
   0.7220000E+02   -0.8335836E+00
   0.7230000E+02   -0.7991036E+00
   0.7240000E+02   -0.7603563E+00
   0.7250000E+02   -0.7173012E+00
   0.7260000E+02   -0.6699252E+00
   0.7270000E+02   -0.6182947E+00
   0.7280000E+02   -0.5625944E+00
   0.7290000E+02   -0.5031463E+00
   0.7300000E+02   -0.4404048E+00
   0.7310000E+02   -0.3749302E+00
   0.7320000E+02   -0.3073458E+00
   0.7330000E+02   -0.2382854E+00
   0.7340000E+02   -0.1683508E+00
   0.7350000E+02   -0.9806073E-01
   0.7360000E+02   -0.2785049E-01
   0.7370000E+02    0.4194776E-01
   0.7380000E+02    0.1110800E+00
   0.7390000E+02    0.1793432E+00
   0.7400000E+02    0.2465513E+00
   0.7410000E+02    0.3125020E+00
   0.7420000E+02    0.3769525E+00
   0.7430000E+02    0.4396074E+00
   0.7440000E+02    0.5001177E+00
   0.7450000E+02    0.5580952E+00
   0.7460000E+02    0.6131308E+00
   0.7470000E+02    0.6648244E+00
   0.7480000E+02    0.7127967E+00
   0.7490000E+02    0.7567184E+00
   0.7500000E+02    0.7963146E+00
   0.7510000E+02    0.8313682E+00
   0.7520000E+02    0.8617153E+00
   0.7530000E+02    0.8872354E+00
   0.7540000E+02    0.9078357E+00
   0.7550000E+02    0.9234492E+00
   0.7560000E+02    0.9340074E+00
   0.7570000E+02    0.9394524E+00
   0.7580000E+02    0.9397288E+00
   0.7590000E+02    0.9347870E+00
   0.7600000E+02    0.9246013E+00
   0.7610000E+02    0.9091729E+00
   0.7620000E+02    0.8885482E+00
   0.7630000E+02    0.8628280E+00
   0.7640000E+02    0.8321740E+00
   0.7650000E+02    0.7968098E+00
   0.7660000E+02    0.7570118E+00
   0.7670000E+02    0.7130897E+00
   0.7680000E+02    0.6653788E+00
   0.7690000E+02    0.6142040E+00
   0.7700000E+02    0.5598627E+00
   0.7710000E+02    0.5026171E+00
   0.7720000E+02    0.4426887E+00
   0.7730000E+02    0.3802740E+00
   0.7740000E+02    0.3155659E+00
   0.7750000E+02    0.2487911E+00
   0.7760000E+02    0.1802436E+00
   0.7770000E+02    0.1103121E+00
   0.7780000E+02    0.3949111E-01
   0.7790000E+02   -0.3162798E-01
   0.7800000E+02   -0.1024023E+00
   0.7810000E+02   -0.1721740E+00
   0.7820000E+02   -0.2403556E+00
   0.7830000E+02   -0.3064820E+00
   0.7840000E+02   -0.3702596E+00
   0.7850000E+02   -0.4315722E+00
   0.7860000E+02   -0.4904579E+00
   0.7870000E+02   -0.5470347E+00
   0.7880000E+02   -0.6014047E+00
   0.7890000E+02   -0.6535439E+00
   0.7900000E+02   -0.7032091E+00
   0.7910000E+02   -0.7498863E+00
   0.7920000E+02   -0.7927961E+00
   0.7930000E+02   -0.8309731E+00
   0.7940000E+02   -0.8634081E+00
   0.7950000E+02   -0.8892338E+00
   0.7960000E+02   -0.9079167E+00
   0.7970000E+02   -0.9194172E+00
   0.7980000E+02   -0.9242745E+00
   0.7990000E+02   -0.9235825E+00
   0.8000000E+02   -0.9188555E+00
   0.8010000E+02   -0.9117822E+00
   0.8020000E+02   -0.9039108E+00
   0.8030000E+02   -0.8963252E+00
   0.8040000E+02   -0.8893643E+00
   0.8050000E+02   -0.8824528E+00
   0.8060000E+02   -0.8740999E+00
   0.8070000E+02   -0.8620588E+00
   0.8080000E+02   -0.8436621E+00
   0.8090000E+02   -0.8162611E+00
   0.8100000E+02   -0.7777081E+00
   0.8110000E+02   -0.7267881E+00
   0.8120000E+02   -0.6635169E+00
   0.8130000E+02   -0.5892403E+00
   0.8140000E+02   -0.5065067E+00
   0.8150000E+02   -0.4187276E+00
   0.8160000E+02   -0.3296715E+00
   0.8170000E+02   -0.2428958E+00
   0.8180000E+02   -0.1612105E+00
   0.8190000E+02   -0.8627116E-01
   0.8200000E+02   -0.1839043E-01
   0.8210000E+02    0.4340375E-01
   0.8220000E+02    0.1010709E+00
   0.8230000E+02    0.1570856E+00
   0.8240000E+02    0.2138693E+00
   0.8250000E+02    0.2732638E+00
   0.8260000E+02    0.3361255E+00
   0.8270000E+02    0.4021387E+00
   0.8280000E+02    0.4698719E+00
   0.8290000E+02    0.5370693E+00
   0.8300000E+02    0.6011005E+00
   0.8310000E+02    0.6594874E+00
   0.8320000E+02    0.7103791E+00
   0.8330000E+02    0.7528828E+00
   0.8340000E+02    0.7871796E+00
   0.8350000E+02    0.8144019E+00
   0.8360000E+02    0.8363075E+00
   0.8370000E+02    0.8548192E+00
   0.8380000E+02    0.8715417E+00
   0.8390000E+02    0.8873595E+00
   0.8400000E+02    0.9022159E+00
   0.8410000E+02    0.9151016E+00
   0.8420000E+02    0.9242891E+00
   0.8430000E+02    0.9277243E+00
   0.8440000E+02    0.9235121E+00
   0.8450000E+02    0.9103614E+00
   0.8460000E+02    0.8879071E+00
   0.8470000E+02    0.8568323E+00
   0.8480000E+02    0.8187198E+00
   0.8490000E+02    0.7757444E+00
   0.8500000E+02    0.7301924E+00
   0.8510000E+02    0.6839758E+00
   0.8520000E+02    0.6382236E+00
   0.8530000E+02    0.5930664E+00
   0.8540000E+02    0.5476455E+00
   0.8550000E+02    0.5003737E+00
   0.8560000E+02    0.4493648E+00
   0.8570000E+02    0.3929531E+00
   0.8580000E+02    0.3301691E+00
   0.8590000E+02    0.2610368E+00
   0.8600000E+02    0.1867304E+00
   0.8610000E+02    0.1093408E+00
   0.8620000E+02    0.3151315E-01
   0.8630000E+02   -0.4408021E-01
   0.8640000E+02   -0.1152965E+00
   0.8650000E+02   -0.1809500E+00
   0.8660000E+02   -0.2410342E+00
   0.8670000E+02   -0.2966623E+00
   0.8680000E+02   -0.3497459E+00
   0.8690000E+02   -0.4024706E+00
   0.8700000E+02   -0.4567139E+00
   0.8710000E+02   -0.5134812E+00
   0.8720000E+02   -0.5725850E+00
   0.8730000E+02   -0.6325653E+00
   0.8740000E+02   -0.6909341E+00
   0.8750000E+02   -0.7446668E+00
   0.8760000E+02   -0.7908517E+00
   0.8770000E+02   -0.8273289E+00
   0.8780000E+02   -0.8531933E+00
   0.8790000E+02   -0.8690082E+00
   0.8800000E+02   -0.8766813E+00
   0.8810000E+02   -0.8790457E+00
   0.8820000E+02   -0.8791743E+00
   0.8830000E+02   -0.8796436E+00
   0.8840000E+02   -0.8818776E+00
   0.8850000E+02   -0.8857514E+00
   0.8860000E+02   -0.8895492E+00
   0.8870000E+02   -0.8903074E+00
   0.8880000E+02   -0.8844776E+00
   0.8890000E+02   -0.8687600E+00
   0.8900000E+02   -0.8409396E+00
   0.8910000E+02   -0.8004923E+00
   0.8920000E+02   -0.7488433E+00
   0.8930000E+02   -0.6891753E+00
   0.8940000E+02   -0.6258177E+00
   0.8950000E+02   -0.5633463E+00
   0.8960000E+02   -0.5055542E+00
   0.8970000E+02   -0.4545840E+00
   0.8980000E+02   -0.4103832E+00
   0.8990000E+02   -0.3706391E+00
   0.9000000E+02   -0.3312584E+00
   0.9010000E+02   -0.2872777E+00
   0.9020000E+02   -0.2340478E+00
   0.9030000E+02   -0.1684227E+00
   0.9040000E+02   -0.8968677E-01
   0.9050000E+02    0.1016798E-04
   0.9060000E+02    0.9583395E-01
   0.9070000E+02    0.1910678E+00
   0.9080000E+02    0.2784022E+00
   0.9090000E+02    0.3514462E+00
   0.9100000E+02    0.4061540E+00
   0.9110000E+02    0.4418663E+00
   0.9120000E+02    0.4617015E+00
   0.9130000E+02    0.4721925E+00
   0.9140000E+02    0.4821990E+00
   0.9150000E+02    0.5012966E+00
   0.9160000E+02    0.5379089E+00
   0.9170000E+02    0.5976110E+00
   0.9180000E+02    0.6818834E+00
   0.9190000E+02    0.7876130E+00
   0.9200000E+02    0.9074392E+00
   0.9210000E+02    0.1030891E+01
   0.9220000E+02    0.1146107E+01
   0.9230000E+02    0.1241791E+01
   0.9240000E+02    0.1309053E+01
   0.9250000E+02    0.1342775E+01
   0.9260000E+02    0.1342239E+01
   0.9270000E+02    0.1310956E+01
   0.9280000E+02    0.1255225E+01
   0.9290000E+02    0.1185354E+01
   0.9300000E+02    0.1108550E+01
   0.9310000E+02    0.1033018E+01
   0.9320000E+02    0.9638964E+00
   0.9330000E+02    0.9034908E+00
   0.9340000E+02    0.8514013E+00
   0.9350000E+02    0.8052907E+00
   0.9360000E+02    0.7614848E+00
   0.9370000E+02    0.7183454E+00
   0.9380000E+02    0.6725840E+00
   0.9390000E+02    0.6242202E+00
   0.9400000E+02    0.5741781E+00
   0.9410000E+02    0.5241583E+00
   0.9420000E+02    0.4757541E+00
   0.9430000E+02    0.4295446E+00
   0.9440000E+02    0.3844384E+00
   0.9450000E+02    0.3374830E+00
   0.9460000E+02    0.2842080E+00
   0.9470000E+02    0.2195261E+00
   0.9480000E+02    0.1389345E+00
   0.9490000E+02    0.3977141E-01
   0.9500000E+02   -0.7779099E-01
   0.9510000E+02   -0.2103039E+00
   0.9520000E+02   -0.3513019E+00
   0.9530000E+02   -0.4922714E+00
   0.9540000E+02   -0.6241615E+00
   0.9550000E+02   -0.7391311E+00
   0.9560000E+02   -0.8321538E+00
   0.9570000E+02   -0.9021056E+00
   0.9580000E+02   -0.9520685E+00
   0.9590000E+02   -0.9887277E+00
   0.9600000E+02   -0.1020961E+01
   0.9610000E+02   -0.1057843E+01
   0.9620000E+02   -0.1106813E+01
   0.9630000E+02   -0.1171442E+01
   0.9640000E+02   -0.1250912E+01
   0.9650000E+02   -0.1339752E+01
   0.9660000E+02   -0.1428901E+01
   0.9670000E+02   -0.1507563E+01
   0.9680000E+02   -0.1565543E+01
   0.9690000E+02   -0.1595513E+01
   0.9700000E+02   -0.1594762E+01
   0.9710000E+02   -0.1565935E+01
   0.9720000E+02   -0.1516619E+01
   0.9730000E+02   -0.1457792E+01
   0.9740000E+02   -0.1401429E+01
   0.9750000E+02   -0.1357796E+01
   0.9760000E+02   -0.1333005E+01
   0.9770000E+02   -0.1327382E+01
   0.9780000E+02   -0.1335149E+01
   0.9790000E+02   -0.1345353E+01
   0.9800000E+02   -0.1344193E+01
   0.9810000E+02   -0.1317970E+01
   0.9820000E+02   -0.1256266E+01
   0.9830000E+02   -0.1154563E+01
   0.9840000E+02   -0.1015750E+01
   0.9850000E+02   -0.8496010E+00
   0.9860000E+02   -0.6717388E+00
   0.9870000E+02   -0.4997784E+00
   0.9880000E+02   -0.3498713E+00
   0.9890000E+02   -0.2327540E+00
   0.9900000E+02   -0.1508882E+00
   0.9910000E+02   -0.9707046E-01
   0.9920000E+02   -0.5510269E-01
   0.9930000E+02   -0.2376579E-02
   0.9940000E+02    0.8590619E-01
   0.9950000E+02    0.2317757E+00
   0.9960000E+02    0.4497421E+00
   0.9970000E+02    0.7432819E+00
   0.9980000E+02    0.1103321E+01
   0.9990000E+02    0.1509500E+01
   0.1000000E+03    0.1934056E+01
