   0.0000000E+00    0.1000000E+01
   0.1000000E+01    0.5183797E+00
   0.2000000E+01    0.2494298E+00
   0.3000000E+01   -0.6431643E-02
   0.4000000E+01   -0.1029045E+00
   0.5000000E+01   -0.1994543E+00
   0.6000000E+01   -0.1364915E+00
   0.7000000E+01   -0.3343600E-01
   0.8000000E+01   -0.9002523E-01
   0.9000000E+01   -0.4012636E-01
   0.1000000E+02   -0.8300442E-01
   0.1100000E+02   -0.7300737E-01
   0.1200000E+02   -0.1163864E+00
   0.1300000E+02   -0.5353965E-01
   0.1400000E+02   -0.3070112E-01
   0.1500000E+02   -0.7385890E-01
   0.1600000E+02   -0.7688987E-01
   0.1700000E+02   -0.2679590E-01
   0.1800000E+02   -0.8308778E-01
   0.1900000E+02   -0.8637767E-01
   0.2000000E+02   -0.2342547E-01
   0.2100000E+02   -0.1371245E-01
   0.2200000E+02    0.4921148E-01
   0.2300000E+02    0.1122675E+00
   0.2400000E+02    0.5600893E-01
   0.2500000E+02   -0.5329478E-01
   0.2600000E+02   -0.5650438E-01
   0.2700000E+02   -0.9971024E-01
   0.2800000E+02   -0.3685213E-01
   0.2900000E+02    0.2589794E-01
   0.3000000E+02    0.7555288E-01
   0.3100000E+02    0.1911641E-01
   0.3200000E+02   -0.3699162E-01
   0.3300000E+02    0.1316380E-01
   0.3400000E+02    0.1014943E-01
   0.3500000E+02    0.6001931E-01
   0.3600000E+02    0.5656937E-01
   0.3700000E+02    0.1593539E+00
   0.3800000E+02    0.1026960E+00
   0.3900000E+02    0.9952320E-01
   0.4000000E+02    0.5652266E-01
   0.4100000E+02   -0.5263103E-01
   0.4200000E+02   -0.5577739E-01
   0.4300000E+02   -0.5912174E-01
   0.4400000E+02   -0.9455011E-02
   0.4500000E+02   -0.6616219E-01
   0.4600000E+02   -0.1644927E-01
   0.4700000E+02    0.3335464E-01
   0.4800000E+02   -0.9656415E-02
   0.4900000E+02   -0.3947539E-01
   0.5000000E+02   -0.1630941E-01
   0.5100000E+02    0.5987215E-01
   0.5200000E+02    0.2958618E-01
   0.5300000E+02    0.5245170E-01
   0.5400000E+02    0.9085910E-02
   0.5500000E+02   -0.4723305E-01
   0.5600000E+02   -0.5033915E-01
   0.5700000E+02   -0.5323444E-01
   0.5800000E+02   -0.5631754E-01
   0.5900000E+02   -0.5974145E-01
   0.6000000E+02   -0.6328470E-01
   0.6100000E+02   -0.6684850E-01
   0.6200000E+02   -0.1103034E+00
   0.6300000E+02   -0.6025652E-01
   0.6400000E+02   -0.1008535E-01
   0.6500000E+02    0.4012078E-01
   0.6600000E+02    0.3695023E-01
   0.6700000E+02    0.8681025E-01
   0.6800000E+02    0.8332179E-01
   0.6900000E+02    0.2663893E-01
   0.7000000E+02    0.2329564E-01
   0.7100000E+02   -0.3300336E-01
   0.7200000E+02   -0.8915546E-01
   0.7300000E+02   -0.2606336E-01
   0.7400000E+02    0.3709884E-01
   0.7500000E+02    0.1000954E+00
   0.7600000E+02    0.9667764E-01
   0.7700000E+02    0.9322738E-01
   0.7800000E+02   -0.1643738E-01
   0.7900000E+02   -0.5963462E-01
   0.8000000E+02   -0.4946362E-01
   0.8100000E+02   -0.3931521E-01
   0.8200000E+02   -0.2948425E-01
   0.8300000E+02   -0.3278172E-01
   0.8400000E+02    0.1697087E-01
   0.8500000E+02   -0.3961868E-01
   0.8600000E+02    0.1023423E-01
   0.8700000E+02    0.2023339E-01
   0.8800000E+02    0.4343024E-01
   0.8900000E+02   -0.5302586E-01
   0.9000000E+02   -0.4302129E-01
   0.9100000E+02   -0.3310734E-01
   0.9200000E+02   -0.2328718E-01
   0.9300000E+02    0.2652618E-01
   0.9400000E+02    0.2325757E-01
   0.9500000E+02    0.2007155E-01
   0.9600000E+02   -0.2322971E-01
   0.9700000E+02   -0.1328268E-01
   0.9800000E+02   -0.3359650E-02
   0.9900000E+02    0.6532315E-02
   0.1000000E+03    0.3256885E-02
