   0.1010000E+04    0.9900990E-03    0.2513245E+04
   0.5050000E+03    0.1980198E-02    0.9461190E+04
   0.3366667E+03    0.2970297E-02    0.1922746E+05
   0.2525000E+03    0.3960396E-02    0.2960213E+05
   0.2020000E+03    0.4950495E-02    0.3836055E+05
   0.1683333E+03    0.5940594E-02    0.4382466E+05
   0.1442857E+03    0.6930693E-02    0.4524936E+05
   0.1262500E+03    0.7920792E-02    0.4293132E+05
   0.1122222E+03    0.8910891E-02    0.3802247E+05
   0.1010000E+03    0.9900990E-02    0.3211950E+05
   0.9181818E+02    0.1089109E-01    0.2676740E+05
   0.8416667E+02    0.1188119E-01    0.2303821E+05
   0.7769231E+02    0.1287129E-01    0.2131892E+05
   0.7214286E+02    0.1386139E-01    0.2137304E+05
   0.6733333E+02    0.1485149E-01    0.2264865E+05
   0.6312500E+02    0.1584158E-01    0.2472197E+05
   0.5941176E+02    0.1683168E-01    0.2771410E+05
   0.5611111E+02    0.1782178E-01    0.3251854E+05
   0.5315789E+02    0.1881188E-01    0.4072954E+05
   0.5050000E+02    0.1980198E-01    0.5425237E+05
   0.4809524E+02    0.2079208E-01    0.7468063E+05
   0.4590909E+02    0.2178218E-01    0.1026104E+06
   0.4391304E+02    0.2277228E-01    0.1371005E+06
   0.4208333E+02    0.2376238E-01    0.1754681E+06
   0.4040000E+02    0.2475248E-01    0.2135292E+06
   0.3884615E+02    0.2574257E-01    0.2462792E+06
   0.3740741E+02    0.2673267E-01    0.2688832E+06
   0.3607143E+02    0.2772277E-01    0.2777526E+06
   0.3482759E+02    0.2871287E-01    0.2714422E+06
   0.3366667E+02    0.2970297E-01    0.2511314E+06
   0.3258065E+02    0.3069307E-01    0.2205451E+06
   0.3156250E+02    0.3168317E-01    0.1853044E+06
   0.3060606E+02    0.3267327E-01    0.1518346E+06
   0.2970588E+02    0.3366337E-01    0.1260712E+06
   0.2885714E+02    0.3465347E-01    0.1122566E+06
   0.2805556E+02    0.3564356E-01    0.1121005E+06
   0.2729730E+02    0.3663366E-01    0.1244918E+06
   0.2657895E+02    0.3762376E-01    0.1458204E+06
   0.2589744E+02    0.3861386E-01    0.1708244E+06
   0.2525000E+02    0.3960396E-01    0.1937613E+06
   0.2463415E+02    0.4059406E-01    0.2096356E+06
   0.2404762E+02    0.4158416E-01    0.2152130E+06
   0.2348837E+02    0.4257426E-01    0.2096136E+06
   0.2295455E+02    0.4356436E-01    0.1943812E+06
   0.2244444E+02    0.4455446E-01    0.1730475E+06
   0.2195652E+02    0.4554455E-01    0.1503186E+06
   0.2148936E+02    0.4653465E-01    0.1310801E+06
   0.2104167E+02    0.4752475E-01    0.1194401E+06
   0.2061224E+02    0.4851485E-01    0.1179969E+06
   0.2020000E+02    0.4950495E-01    0.1274539E+06
   0.1980392E+02    0.5049505E-01    0.1466154E+06
   0.1942308E+02    0.5148515E-01    0.1727212E+06
   0.1905660E+02    0.5247525E-01    0.2020115E+06
   0.1870370E+02    0.5346535E-01    0.2303904E+06
   0.1836364E+02    0.5445545E-01    0.2540566E+06
   0.1803571E+02    0.5544554E-01    0.2700004E+06
   0.1771930E+02    0.5643564E-01    0.2763099E+06
   0.1741379E+02    0.5742574E-01    0.2722756E+06
   0.1711864E+02    0.5841584E-01    0.2583191E+06
   0.1683333E+02    0.5940594E-01    0.2357979E+06
   0.1655738E+02    0.6039604E-01    0.2067424E+06
   0.1629032E+02    0.6138614E-01    0.1735805E+06
   0.1603175E+02    0.6237624E-01    0.1388873E+06
   0.1578125E+02    0.6336634E-01    0.1051853E+06
   0.1553846E+02    0.6435644E-01    0.7479818E+05
   0.1530303E+02    0.6534653E-01    0.4975405E+05
   0.1507463E+02    0.6633663E-01    0.3172120E+05
   0.1485294E+02    0.6732673E-01    0.2195895E+05
   0.1463768E+02    0.6831683E-01    0.2126633E+05
   0.1442857E+02    0.6930693E-01    0.2991818E+05
   0.1422535E+02    0.7029703E-01    0.4758864E+05
   0.1402778E+02    0.7128713E-01    0.7327450E+05
   0.1383562E+02    0.7227723E-01    0.1052439E+06
   0.1364865E+02    0.7326733E-01    0.1410450E+06
   0.1346667E+02    0.7425743E-01    0.1776102E+06
   0.1328947E+02    0.7524752E-01    0.2114844E+06
   0.1311688E+02    0.7623762E-01    0.2391814E+06
   0.1294872E+02    0.7722772E-01    0.2576449E+06
   0.1278481E+02    0.7821782E-01    0.2647536E+06
   0.1262500E+02    0.7920792E-01    0.2597793E+06
   0.1246914E+02    0.8019802E-01    0.2436917E+06
   0.1231707E+02    0.8118812E-01    0.2192086E+06
   0.1216867E+02    0.8217822E-01    0.1905260E+06
   0.1202381E+02    0.8316832E-01    0.1627207E+06
   0.1188235E+02    0.8415842E-01    0.1408909E+06
   0.1174419E+02    0.8514851E-01    0.1291774E+06
   0.1160920E+02    0.8613861E-01    0.1298580E+06
   0.1147727E+02    0.8712871E-01    0.1427277E+06
   0.1134831E+02    0.8811881E-01    0.1649417E+06
   0.1122222E+02    0.8910891E-01    0.1914186E+06
   0.1109890E+02    0.9009901E-01    0.2157823E+06
   0.1097826E+02    0.9108911E-01    0.2316891E+06
   0.1086022E+02    0.9207921E-01    0.2342753E+06
   0.1074468E+02    0.9306931E-01    0.2214004E+06
   0.1063158E+02    0.9405941E-01    0.1943690E+06
   0.1052083E+02    0.9504950E-01    0.1579093E+06
   0.1041237E+02    0.9603960E-01    0.1193423E+06
   0.1030612E+02    0.9702970E-01    0.8706654E+05
   0.1020202E+02    0.9801980E-01    0.6866484E+05
   0.1010000E+02    0.9900990E-01    0.6905946E+05
   0.1000000E+02    0.1000000E+00    0.8916624E+05
   0.9901961E+01    0.1009901E+00    0.1254113E+06
   0.9805825E+01    0.1019802E+00    0.1702864E+06
   0.9711538E+01    0.1029703E+00    0.2138740E+06
   0.9619048E+01    0.1039604E+00    0.2460255E+06
   0.9528302E+01    0.1049505E+00    0.2586968E+06
   0.9439252E+01    0.1059406E+00    0.2478787E+06
   0.9351852E+01    0.1069307E+00    0.2146343E+06
   0.9266055E+01    0.1079208E+00    0.1649610E+06
   0.9181818E+01    0.1089109E+00    0.1084767E+06
   0.9099099E+01    0.1099010E+00    0.5622953E+05
   0.9017857E+01    0.1108911E+00    0.1815336E+05
   0.8938053E+01    0.1118812E+00    0.7944192E+03
   0.8859649E+01    0.1128713E+00    0.5869580E+04
   0.8782609E+01    0.1138614E+00    0.3001088E+05
   0.8706897E+01    0.1148515E+00    0.6574799E+05
   0.8632479E+01    0.1158416E+00    0.1034645E+06
   0.8559322E+01    0.1168317E+00    0.1338178E+06
   0.8487395E+01    0.1178218E+00    0.1500023E+06
   0.8416667E+01    0.1188119E+00    0.1492918E+06
   0.8347107E+01    0.1198020E+00    0.1334989E+06
   0.8278689E+01    0.1207921E+00    0.1082833E+06
   0.8211382E+01    0.1217822E+00    0.8154349E+05
   0.8145161E+01    0.1227723E+00    0.6135141E+05
   0.8080000E+01    0.1237624E+00    0.5398366E+05
   0.8015873E+01    0.1247525E+00    0.6254014E+05
   0.7952756E+01    0.1257426E+00    0.8645017E+05
   0.7890625E+01    0.1267327E+00    0.1219060E+06
   0.7829457E+01    0.1277228E+00    0.1630143E+06
   0.7769231E+01    0.1287129E+00    0.2032845E+06
   0.7709924E+01    0.1297030E+00    0.2370312E+06
   0.7651515E+01    0.1306931E+00    0.2603423E+06
   0.7593985E+01    0.1316832E+00    0.2714447E+06
   0.7537313E+01    0.1326733E+00    0.2704950E+06
   0.7481481E+01    0.1336634E+00    0.2589924E+06
   0.7426471E+01    0.1346535E+00    0.2390895E+06
   0.7372263E+01    0.1356436E+00    0.2130508E+06
   0.7318841E+01    0.1366337E+00    0.1830020E+06
   0.7266187E+01    0.1376238E+00    0.1509618E+06
   0.7214286E+01    0.1386139E+00    0.1190220E+06
   0.7163121E+01    0.1396040E+00    0.8948122E+05
   0.7112676E+01    0.1405941E+00    0.6476472E+05
   0.7062937E+01    0.1415842E+00    0.4706981E+05
   0.7013889E+01    0.1425743E+00    0.3781447E+05
   0.6965517E+01    0.1435644E+00    0.3708463E+05
   0.6917808E+01    0.1445545E+00    0.4332251E+05
   0.6870748E+01    0.1455446E+00    0.5344921E+05
   0.6824324E+01    0.1465347E+00    0.6348161E+05
   0.6778523E+01    0.1475248E+00    0.6952829E+05
   0.6733333E+01    0.1485149E+00    0.6889417E+05
   0.6688742E+01    0.1495050E+00    0.6094752E+05
   0.6644737E+01    0.1504950E+00    0.4744016E+05
   0.6601307E+01    0.1514851E+00    0.3212022E+05
   0.6558442E+01    0.1524752E+00    0.1969342E+05
   0.6516129E+01    0.1534653E+00    0.1440678E+05
   0.6474359E+01    0.1544554E+00    0.1867314E+05
   0.6433121E+01    0.1554455E+00    0.3217347E+05
   0.6392405E+01    0.1564356E+00    0.5175252E+05
   0.6352201E+01    0.1574257E+00    0.7219196E+05
   0.6312500E+01    0.1584158E+00    0.8767409E+05
   0.6273292E+01    0.1594059E+00    0.9352173E+05
   0.6234568E+01    0.1603960E+00    0.8769258E+05
   0.6196319E+01    0.1613861E+00    0.7155694E+05
   0.6158537E+01    0.1623762E+00    0.4968720E+05
   0.6121212E+01    0.1633663E+00    0.2867882E+05
   0.6084337E+01    0.1643564E+00    0.1531750E+05
   0.6047904E+01    0.1653465E+00    0.1461432E+05
   0.6011905E+01    0.1663366E+00    0.2828480E+05
   0.5976331E+01    0.1673267E+00    0.5412846E+05
   0.5941176E+01    0.1683168E+00    0.8650685E+05
   0.5906433E+01    0.1693069E+00    0.1177978E+06
   0.5872093E+01    0.1702970E+00    0.1404169E+06
   0.5838150E+01    0.1712871E+00    0.1488327E+06
   0.5804598E+01    0.1722772E+00    0.1410059E+06
   0.5771429E+01    0.1732673E+00    0.1188568E+06
   0.5738636E+01    0.1742574E+00    0.8764942E+05
   0.5706215E+01    0.1752475E+00    0.5449641E+05
   0.5674157E+01    0.1762376E+00    0.2643086E+05
   0.5642458E+01    0.1772277E+00    0.8602298E+04
   0.5611111E+01    0.1782178E+00    0.3091936E+04
   0.5580110E+01    0.1792079E+00    0.8642349E+04
   0.5549451E+01    0.1801980E+00    0.2131770E+05
   0.5519126E+01    0.1811881E+00    0.3584192E+05
   0.5489130E+01    0.1821782E+00    0.4718317E+05
   0.5459459E+01    0.1831683E+00    0.5191203E+05
   0.5430108E+01    0.1841584E+00    0.4896349E+05
   0.5401070E+01    0.1851485E+00    0.3963785E+05
   0.5372340E+01    0.1861386E+00    0.2691597E+05
   0.5343915E+01    0.1871287E+00    0.1436247E+05
   0.5315789E+01    0.1881188E+00    0.4989773E+04
   0.5287958E+01    0.1891089E+00    0.4327633E+03
   0.5260417E+01    0.1900990E+00    0.6536969E+03
   0.5233161E+01    0.1910891E+00    0.4210307E+04
   0.5206186E+01    0.1920792E+00    0.8938795E+04
   0.5179487E+01    0.1930693E+00    0.1278559E+05
   0.5153061E+01    0.1940594E+00    0.1449967E+05
   0.5126904E+01    0.1950495E+00    0.1397059E+05
   0.5101010E+01    0.1960396E+00    0.1213441E+05
   0.5075377E+01    0.1970297E+00    0.1052115E+05
   0.5050000E+01    0.1980198E+00    0.1063133E+05
   0.5024876E+01    0.1990099E+00    0.1337174E+05
   0.5000000E+01    0.2000000E+00    0.1874185E+05
   0.4975369E+01    0.2009901E+00    0.2586183E+05
   0.4950980E+01    0.2019802E+00    0.3330930E+05
   0.4926829E+01    0.2029703E+00    0.3962725E+05
   0.4902913E+01    0.2039604E+00    0.4381545E+05
   0.4879227E+01    0.2049505E+00    0.4563460E+05
   0.4855769E+01    0.2059406E+00    0.4562724E+05
   0.4832536E+01    0.2069307E+00    0.4486215E+05
   0.4809524E+01    0.2079208E+00    0.4450422E+05
   0.4786730E+01    0.2089109E+00    0.4536623E+05
   0.4764151E+01    0.2099010E+00    0.4759806E+05
   0.4741784E+01    0.2108911E+00    0.5061481E+05
   0.4719626E+01    0.2118812E+00    0.5328060E+05
   0.4697674E+01    0.2128713E+00    0.5427892E+05
   0.4675926E+01    0.2138614E+00    0.5254280E+05
   0.4654378E+01    0.2148515E+00    0.4760523E+05
   0.4633028E+01    0.2158416E+00    0.3976434E+05
   0.4611872E+01    0.2168317E+00    0.3002295E+05
   0.4590909E+01    0.2178218E+00    0.1983554E+05
   0.4570136E+01    0.2188119E+00    0.1075151E+05
   0.4549550E+01    0.2198020E+00    0.4066063E+04
   0.4529148E+01    0.2207921E+00    0.5747204E+03
   0.4508929E+01    0.2217822E+00    0.4833763E+03
   0.4488889E+01    0.2227723E+00    0.3471392E+04
   0.4469027E+01    0.2237624E+00    0.8859529E+04
   0.4449339E+01    0.2247525E+00    0.1581208E+05
   0.4429825E+01    0.2257426E+00    0.2350765E+05
   0.4410480E+01    0.2267327E+00    0.3123968E+05
   0.4391304E+01    0.2277228E+00    0.3844294E+05
   0.4372294E+01    0.2287129E+00    0.4467125E+05
   0.4353448E+01    0.2297030E+00    0.4956417E+05
   0.4334764E+01    0.2306931E+00    0.5283403E+05
   0.4316239E+01    0.2316832E+00    0.5428472E+05
   0.4297872E+01    0.2326733E+00    0.5385052E+05
   0.4279661E+01    0.2336634E+00    0.5162881E+05
   0.4261603E+01    0.2346535E+00    0.4788033E+05
   0.4243697E+01    0.2356436E+00    0.4298516E+05
   0.4225941E+01    0.2366337E+00    0.3736458E+05
   0.4208333E+01    0.2376238E+00    0.3139776E+05
   0.4190871E+01    0.2386139E+00    0.2536875E+05
   0.4173554E+01    0.2396040E+00    0.1946875E+05
   0.4156379E+01    0.2405941E+00    0.1385505E+05
   0.4139344E+01    0.2415842E+00    0.8740300E+04
   0.4122449E+01    0.2425743E+00    0.4466271E+04
   0.4105691E+01    0.2435644E+00    0.1515003E+04
   0.4089069E+01    0.2445545E+00    0.4296994E+03
   0.4072581E+01    0.2455446E+00    0.1653139E+04
   0.4056225E+01    0.2465347E+00    0.5329578E+04
   0.4040000E+01    0.2475248E+00    0.1114204E+05
   0.4023904E+01    0.2485149E+00    0.1825846E+05
   0.4007937E+01    0.2495050E+00    0.2543312E+05
   0.3992095E+01    0.2504950E+00    0.3126115E+05
   0.3976378E+01    0.2514851E+00    0.3452857E+05
   0.3960784E+01    0.2524752E+00    0.3455837E+05
   0.3945312E+01    0.2534653E+00    0.3144069E+05
   0.3929961E+01    0.2544554E+00    0.2606064E+05
   0.3914729E+01    0.2554455E+00    0.1989408E+05
   0.3899614E+01    0.2564356E+00    0.1461491E+05
   0.3884615E+01    0.2574257E+00    0.1162190E+05
   0.3869732E+01    0.2584158E+00    0.1162720E+05
   0.3854962E+01    0.2594059E+00    0.1443868E+05
   0.3840304E+01    0.2603960E+00    0.1901413E+05
   0.3825758E+01    0.2613861E+00    0.2378279E+05
   0.3811321E+01    0.2623762E+00    0.2714386E+05
   0.3796992E+01    0.2633663E+00    0.2799061E+05
   0.3782772E+01    0.2643564E+00    0.2609364E+05
   0.3768657E+01    0.2653465E+00    0.2221458E+05
   0.3754647E+01    0.2663366E+00    0.1790249E+05
   0.3740741E+01    0.2673267E+00    0.1502483E+05
   0.3726937E+01    0.2683168E+00    0.1517122E+05
   0.3713235E+01    0.2693069E+00    0.1911478E+05
   0.3699634E+01    0.2702970E+00    0.2650394E+05
   0.3686131E+01    0.2712871E+00    0.3589162E+05
   0.3672727E+01    0.2722772E+00    0.4510598E+05
   0.3659420E+01    0.2732673E+00    0.5186016E+05
   0.3646209E+01    0.2742574E+00    0.5442053E+05
   0.3633094E+01    0.2752475E+00    0.5212948E+05
   0.3620072E+01    0.2762376E+00    0.4561830E+05
   0.3607143E+01    0.2772277E+00    0.3663726E+05
   0.3594306E+01    0.2782178E+00    0.2754616E+05
   0.3581560E+01    0.2792079E+00    0.2061445E+05
   0.3568905E+01    0.2801980E+00    0.1734162E+05
   0.3556338E+01    0.2811881E+00    0.1800690E+05
   0.3543860E+01    0.2821782E+00    0.2159213E+05
   0.3531469E+01    0.2831683E+00    0.2611024E+05
   0.3519164E+01    0.2841584E+00    0.2924941E+05
   0.3506944E+01    0.2851485E+00    0.2914454E+05
   0.3494810E+01    0.2861386E+00    0.2504421E+05
   0.3482759E+01    0.2871287E+00    0.1766640E+05
   0.3470790E+01    0.2881188E+00    0.9122538E+04
   0.3458904E+01    0.2891089E+00    0.2413503E+04
   0.3447099E+01    0.2900990E+00    0.6256630E+03
   0.3435374E+01    0.2910891E+00    0.6044840E+04
   0.3423729E+01    0.2920792E+00    0.1943472E+05
   0.3412162E+01    0.2930693E+00    0.3968548E+05
   0.3400673E+01    0.2940594E+00    0.6393975E+05
   0.3389262E+01    0.2950495E+00    0.8817458E+05
   0.3377926E+01    0.2960396E+00    0.1080952E+06
   0.3366667E+01    0.2970297E+00    0.1201137E+06
   0.3355482E+01    0.2980198E+00    0.1221647E+06
   0.3344371E+01    0.2990099E+00    0.1141546E+06
   0.3333333E+01    0.3000000E+00    0.9793979E+05
   0.3322368E+01    0.3009901E+00    0.7685153E+05
   0.3311475E+01    0.3019802E+00    0.5489878E+05
   0.3300654E+01    0.3029703E+00    0.3585658E+05
   0.3289902E+01    0.3039604E+00    0.2246629E+05
   0.3279221E+01    0.3049505E+00    0.1593342E+05
   0.3268608E+01    0.3059406E+00    0.1582364E+05
   0.3258065E+01    0.3069307E+00    0.2035124E+05
   0.3247588E+01    0.3079208E+00    0.2695697E+05
   0.3237179E+01    0.3089109E+00    0.3300787E+05
   0.3226837E+01    0.3099010E+00    0.3643572E+05
   0.3216561E+01    0.3108911E+00    0.3616248E+05
   0.3206349E+01    0.3118812E+00    0.3222993E+05
   0.3196203E+01    0.3128713E+00    0.2563415E+05
   0.3186120E+01    0.3138614E+00    0.1794112E+05
   0.3176101E+01    0.3148515E+00    0.1080813E+05
   0.3166144E+01    0.3158416E+00    0.5545973E+04
   0.3156250E+01    0.3168317E+00    0.2830742E+04
   0.3146417E+01    0.3178218E+00    0.2621386E+04
   0.3136646E+01    0.3188119E+00    0.4277361E+04
   0.3126935E+01    0.3198020E+00    0.6817394E+04
   0.3117284E+01    0.3207921E+00    0.9229430E+04
   0.3107692E+01    0.3217822E+00    0.1073953E+05
   0.3098160E+01    0.3227723E+00    0.1097139E+05
   0.3088685E+01    0.3237624E+00    0.9968655E+04
   0.3079268E+01    0.3247525E+00    0.8095836E+04
   0.3069909E+01    0.3257426E+00    0.5867435E+04
   0.3060606E+01    0.3267327E+00    0.3769469E+04
   0.3051360E+01    0.3277228E+00    0.2131046E+04
   0.3042169E+01    0.3287129E+00    0.1079541E+04
   0.3033033E+01    0.3297030E+00    0.5806681E+03
   0.3023952E+01    0.3306931E+00    0.5351082E+03
   0.3014925E+01    0.3316832E+00    0.8857696E+03
   0.3005952E+01    0.3326733E+00    0.1689093E+04
   0.2997033E+01    0.3336634E+00    0.3119487E+04
   0.2988166E+01    0.3346535E+00    0.5402101E+04
   0.2979351E+01    0.3356436E+00    0.8696699E+04
   0.2970588E+01    0.3366337E+00    0.1297526E+05
   0.2961877E+01    0.3376238E+00    0.1794133E+05
   0.2953216E+01    0.3386139E+00    0.2302845E+05
   0.2944606E+01    0.3396040E+00    0.2749093E+05
   0.2936047E+01    0.3405941E+00    0.3057078E+05
   0.2927536E+01    0.3415842E+00    0.3169840E+05
   0.2919075E+01    0.3425743E+00    0.3067012E+05
   0.2910663E+01    0.3435644E+00    0.2774797E+05
   0.2902299E+01    0.3445545E+00    0.2364545E+05
   0.2893983E+01    0.3455446E+00    0.1939326E+05
   0.2885714E+01    0.3465347E+00    0.1611236E+05
   0.2877493E+01    0.3475248E+00    0.1474833E+05
   0.2869318E+01    0.3485149E+00    0.1583435E+05
   0.2861190E+01    0.3495050E+00    0.1934473E+05
   0.2853107E+01    0.3504950E+00    0.2467905E+05
   0.2845070E+01    0.3514851E+00    0.3078415E+05
   0.2837079E+01    0.3524752E+00    0.3638562E+05
   0.2829132E+01    0.3534653E+00    0.4027247E+05
   0.2821229E+01    0.3544554E+00    0.4156534E+05
   0.2813370E+01    0.3554455E+00    0.3990311E+05
   0.2805556E+01    0.3564356E+00    0.3550463E+05
   0.2797784E+01    0.3574257E+00    0.2909447E+05
   0.2790055E+01    0.3584158E+00    0.2171620E+05
   0.2782369E+01    0.3594059E+00    0.1448424E+05
   0.2774725E+01    0.3603960E+00    0.8338773E+04
   0.2767123E+01    0.3613861E+00    0.3864081E+04
   0.2759563E+01    0.3623762E+00    0.1211093E+04
   0.2752044E+01    0.3633663E+00    0.1351198E+03
   0.2744565E+01    0.3643564E+00    0.1284632E+03
   0.2737127E+01    0.3653465E+00    0.6033429E+03
   0.2729730E+01    0.3663366E+00    0.1069842E+04
   0.2722372E+01    0.3673267E+00    0.1258931E+04
   0.2715054E+01    0.3683168E+00    0.1160019E+04
   0.2707775E+01    0.3693069E+00    0.9698566E+03
   0.2700535E+01    0.3702970E+00    0.9767356E+03
   0.2693333E+01    0.3712871E+00    0.1422772E+04
   0.2686170E+01    0.3722772E+00    0.2392025E+04
   0.2679045E+01    0.3732673E+00    0.3762114E+04
   0.2671958E+01    0.3742574E+00    0.5235008E+04
   0.2664908E+01    0.3752475E+00    0.6435841E+04
   0.2657895E+01    0.3762376E+00    0.7045415E+04
   0.2650919E+01    0.3772277E+00    0.6919992E+04
   0.2643979E+01    0.3782178E+00    0.6155192E+04
   0.2637076E+01    0.3792079E+00    0.5068569E+04
   0.2630208E+01    0.3801980E+00    0.4102377E+04
   0.2623377E+01    0.3811881E+00    0.3675570E+04
   0.2616580E+01    0.3821782E+00    0.4033185E+04
   0.2609819E+01    0.3831683E+00    0.5145070E+04
   0.2603093E+01    0.3841584E+00    0.6692548E+04
   0.2596401E+01    0.3851485E+00    0.8154394E+04
   0.2589744E+01    0.3861386E+00    0.8970806E+04
   0.2583120E+01    0.3871287E+00    0.8736254E+04
   0.2576531E+01    0.3881188E+00    0.7358800E+04
   0.2569975E+01    0.3891089E+00    0.5129912E+04
   0.2563452E+01    0.3900990E+00    0.2674179E+04
   0.2556962E+01    0.3910891E+00    0.7854275E+03
   0.2550505E+01    0.3920792E+00    0.1933231E+03
   0.2544081E+01    0.3930693E+00    0.1330155E+04
   0.2537688E+01    0.3940594E+00    0.4172266E+04
   0.2531328E+01    0.3950495E+00    0.8211526E+04
   0.2525000E+01    0.3960396E+00    0.1257426E+05
   0.2518703E+01    0.3970297E+00    0.1625922E+05
   0.2512438E+01    0.3980198E+00    0.1842705E+05
   0.2506203E+01    0.3990099E+00    0.1865386E+05
   0.2500000E+01    0.4000000E+00    0.1706900E+05
   0.2493827E+01    0.4009901E+00    0.1432973E+05
   0.2487685E+01    0.4019802E+00    0.1143517E+05
   0.2481572E+01    0.4029703E+00    0.9432014E+04
   0.2475490E+01    0.4039604E+00    0.9100271E+04
   0.2469438E+01    0.4049505E+00    0.1071547E+05
   0.2463415E+01    0.4059406E+00    0.1396187E+05
   0.2457421E+01    0.4069307E+00    0.1802468E+05
   0.2451456E+01    0.4079208E+00    0.2183302E+05
   0.2445521E+01    0.4089109E+00    0.2437710E+05
   0.2439614E+01    0.4099010E+00    0.2499936E+05
   0.2433735E+01    0.4108911E+00    0.2356774E+05
   0.2427885E+01    0.4118812E+00    0.2047861E+05
   0.2422062E+01    0.4128713E+00    0.1649375E+05
   0.2416268E+01    0.4138614E+00    0.1247206E+05
   0.2410501E+01    0.4148515E+00    0.9092609E+04
   0.2404762E+01    0.4158416E+00    0.6668776E+04
   0.2399050E+01    0.4168317E+00    0.5120670E+04
   0.2393365E+01    0.4178218E+00    0.4116077E+04
   0.2387707E+01    0.4188119E+00    0.3326517E+04
   0.2382075E+01    0.4198020E+00    0.2697936E+04
   0.2376471E+01    0.4207921E+00    0.2622331E+04
   0.2370892E+01    0.4217822E+00    0.3924178E+04
   0.2365340E+01    0.4227723E+00    0.7637110E+04
   0.2359813E+01    0.4237624E+00    0.1462262E+05
   0.2354312E+01    0.4247525E+00    0.2514802E+05
   0.2348837E+01    0.4257426E+00    0.3857175E+05
   0.2343387E+01    0.4267327E+00    0.5326671E+05
   0.2337963E+01    0.4277228E+00    0.6684816E+05
   0.2332564E+01    0.4287129E+00    0.7667950E+05
   0.2327189E+01    0.4297030E+00    0.8053534E+05
   0.2321839E+01    0.4306931E+00    0.7723779E+05
   0.2316514E+01    0.4316832E+00    0.6707101E+05
   0.2311213E+01    0.4326733E+00    0.5183013E+05
   0.2305936E+01    0.4336634E+00    0.3445936E+05
   0.2300683E+01    0.4346535E+00    0.1835515E+05
   0.2295455E+01    0.4356436E+00    0.6514749E+04
   0.2290249E+01    0.4366337E+00    0.7670596E+03
   0.2285068E+01    0.4376238E+00    0.1309740E+04
   0.2279910E+01    0.4386139E+00    0.6695526E+04
   0.2274775E+01    0.4396040E+00    0.1428348E+05
   0.2269663E+01    0.4405941E+00    0.2103397E+05
   0.2264574E+01    0.4415842E+00    0.2442127E+05
   0.2259508E+01    0.4425743E+00    0.2319749E+05
   0.2254464E+01    0.4435644E+00    0.1777996E+05
   0.2249443E+01    0.4445545E+00    0.1014192E+05
   0.2244444E+01    0.4455446E+00    0.3231690E+04
   0.2239468E+01    0.4465347E+00    0.8638706E+02
   0.2234513E+01    0.4475248E+00    0.2899054E+04
   0.2229581E+01    0.4485149E+00    0.1231516E+05
   0.2224670E+01    0.4495050E+00    0.2716923E+05
   0.2219780E+01    0.4504950E+00    0.4474411E+05
   0.2214912E+01    0.4514851E+00    0.6148163E+05
   0.2210066E+01    0.4524752E+00    0.7394076E+05
   0.2205240E+01    0.4534653E+00    0.7972640E+05
   0.2200436E+01    0.4544554E+00    0.7812157E+05
   0.2195652E+01    0.4554455E+00    0.7024345E+05
   0.2190889E+01    0.4564356E+00    0.5868440E+05
   0.2186147E+01    0.4574257E+00    0.4674887E+05
   0.2181425E+01    0.4584158E+00    0.3751297E+05
   0.2176724E+01    0.4594059E+00    0.3298063E+05
   0.2172043E+01    0.4603960E+00    0.3357615E+05
   0.2167382E+01    0.4613861E+00    0.3810946E+05
   0.2162741E+01    0.4623762E+00    0.4420935E+05
   0.2158120E+01    0.4633663E+00    0.4908389E+05
   0.2153518E+01    0.4643564E+00    0.5037645E+05
   0.2148936E+01    0.4653465E+00    0.4686526E+05
   0.2144374E+01    0.4663366E+00    0.3880867E+05
   0.2139831E+01    0.4673267E+00    0.2784778E+05
   0.2135307E+01    0.4683168E+00    0.1651008E+05
   0.2130802E+01    0.4693069E+00    0.7471164E+04
   0.2126316E+01    0.4702970E+00    0.2795437E+04
   0.2121849E+01    0.4712871E+00    0.3372926E+04
   0.2117400E+01    0.4722772E+00    0.8703966E+04
   0.2112971E+01    0.4732673E+00    0.1707698E+05
   0.2108559E+01    0.4742574E+00    0.2607111E+05
   0.2104167E+01    0.4752475E+00    0.3322765E+05
   0.2099792E+01    0.4762376E+00    0.3669625E+05
   0.2095436E+01    0.4772277E+00    0.3568115E+05
   0.2091097E+01    0.4782178E+00    0.3057984E+05
   0.2086777E+01    0.4792079E+00    0.2279913E+05
   0.2082474E+01    0.4801980E+00    0.1432309E+05
   0.2078189E+01    0.4811881E+00    0.7168038E+04
   0.2073922E+01    0.4821782E+00    0.2878392E+04
   0.2069672E+01    0.4831683E+00    0.2190694E+04
   0.2065440E+01    0.4841584E+00    0.4935175E+04
   0.2061224E+01    0.4851485E+00    0.1017312E+05
   0.2057026E+01    0.4861386E+00    0.1650639E+05
   0.2052846E+01    0.4871287E+00    0.2245834E+05
   0.2048682E+01    0.4881188E+00    0.2682064E+05
   0.2044534E+01    0.4891089E+00    0.2888445E+05
   0.2040404E+01    0.4900990E+00    0.2851707E+05
   0.2036290E+01    0.4910891E+00    0.2609099E+05
   0.2032193E+01    0.4920792E+00    0.2230868E+05
   0.2028112E+01    0.4930693E+00    0.1798518E+05
   0.2024048E+01    0.4940594E+00    0.1384924E+05
   0.2020000E+01    0.4950495E+00    0.1040741E+05
   0.2015968E+01    0.4960396E+00    0.7891210E+04
   0.2011952E+01    0.4970297E+00    0.6283112E+04
   0.2007952E+01    0.4980198E+00    0.5399580E+04
   0.2003968E+01    0.4990099E+00    0.5000168E+04
   0.2000000E+01    0.5000000E+00    0.4891440E+04
   0.1996047E+01    0.5009901E+00    0.5000168E+04
   0.1992110E+01    0.5019802E+00    0.5399580E+04
   0.1988189E+01    0.5029703E+00    0.6283112E+04
   0.1984283E+01    0.5039604E+00    0.7891210E+04
   0.1980392E+01    0.5049505E+00    0.1040741E+05
   0.1976517E+01    0.5059406E+00    0.1384924E+05
   0.1972656E+01    0.5069307E+00    0.1798518E+05
   0.1968811E+01    0.5079208E+00    0.2230868E+05
   0.1964981E+01    0.5089109E+00    0.2609099E+05
   0.1961165E+01    0.5099010E+00    0.2851707E+05
   0.1957364E+01    0.5108911E+00    0.2888445E+05
   0.1953578E+01    0.5118812E+00    0.2682064E+05
   0.1949807E+01    0.5128713E+00    0.2245834E+05
   0.1946050E+01    0.5138614E+00    0.1650639E+05
   0.1942308E+01    0.5148515E+00    0.1017312E+05
   0.1938580E+01    0.5158416E+00    0.4935175E+04
   0.1934866E+01    0.5168317E+00    0.2190694E+04
   0.1931166E+01    0.5178218E+00    0.2878392E+04
   0.1927481E+01    0.5188119E+00    0.7168038E+04
   0.1923810E+01    0.5198020E+00    0.1432309E+05
   0.1920152E+01    0.5207921E+00    0.2279913E+05
   0.1916509E+01    0.5217822E+00    0.3057984E+05
   0.1912879E+01    0.5227723E+00    0.3568115E+05
   0.1909263E+01    0.5237624E+00    0.3669625E+05
   0.1905660E+01    0.5247525E+00    0.3322765E+05
   0.1902072E+01    0.5257426E+00    0.2607111E+05
   0.1898496E+01    0.5267327E+00    0.1707698E+05
   0.1894934E+01    0.5277228E+00    0.8703966E+04
   0.1891386E+01    0.5287129E+00    0.3372926E+04
   0.1887850E+01    0.5297030E+00    0.2795437E+04
   0.1884328E+01    0.5306931E+00    0.7471164E+04
   0.1880819E+01    0.5316832E+00    0.1651008E+05
   0.1877323E+01    0.5326733E+00    0.2784778E+05
   0.1873840E+01    0.5336634E+00    0.3880867E+05
   0.1870370E+01    0.5346535E+00    0.4686526E+05
   0.1866913E+01    0.5356436E+00    0.5037645E+05
   0.1863469E+01    0.5366337E+00    0.4908389E+05
   0.1860037E+01    0.5376238E+00    0.4420935E+05
   0.1856618E+01    0.5386139E+00    0.3810946E+05
   0.1853211E+01    0.5396040E+00    0.3357615E+05
   0.1849817E+01    0.5405941E+00    0.3298063E+05
   0.1846435E+01    0.5415842E+00    0.3751297E+05
   0.1843066E+01    0.5425743E+00    0.4674887E+05
   0.1839709E+01    0.5435644E+00    0.5868440E+05
   0.1836364E+01    0.5445545E+00    0.7024345E+05
   0.1833031E+01    0.5455446E+00    0.7812157E+05
   0.1829710E+01    0.5465347E+00    0.7972640E+05
   0.1826401E+01    0.5475248E+00    0.7394076E+05
   0.1823105E+01    0.5485149E+00    0.6148163E+05
   0.1819820E+01    0.5495050E+00    0.4474411E+05
   0.1816547E+01    0.5504950E+00    0.2716923E+05
   0.1813285E+01    0.5514851E+00    0.1231516E+05
   0.1810036E+01    0.5524752E+00    0.2899054E+04
   0.1806798E+01    0.5534653E+00    0.8638706E+02
   0.1803571E+01    0.5544554E+00    0.3231690E+04
   0.1800357E+01    0.5554455E+00    0.1014192E+05
   0.1797153E+01    0.5564356E+00    0.1777996E+05
   0.1793961E+01    0.5574257E+00    0.2319749E+05
   0.1790780E+01    0.5584158E+00    0.2442127E+05
   0.1787611E+01    0.5594059E+00    0.2103397E+05
   0.1784452E+01    0.5603960E+00    0.1428348E+05
   0.1781305E+01    0.5613861E+00    0.6695526E+04
   0.1778169E+01    0.5623762E+00    0.1309740E+04
   0.1775044E+01    0.5633663E+00    0.7670596E+03
   0.1771930E+01    0.5643564E+00    0.6514749E+04
   0.1768827E+01    0.5653465E+00    0.1835515E+05
   0.1765734E+01    0.5663366E+00    0.3445936E+05
   0.1762653E+01    0.5673267E+00    0.5183013E+05
   0.1759582E+01    0.5683168E+00    0.6707101E+05
   0.1756522E+01    0.5693069E+00    0.7723779E+05
   0.1753472E+01    0.5702970E+00    0.8053534E+05
   0.1750433E+01    0.5712871E+00    0.7667950E+05
   0.1747405E+01    0.5722772E+00    0.6684816E+05
   0.1744387E+01    0.5732673E+00    0.5326671E+05
   0.1741379E+01    0.5742574E+00    0.3857175E+05
   0.1738382E+01    0.5752475E+00    0.2514802E+05
   0.1735395E+01    0.5762376E+00    0.1462262E+05
   0.1732419E+01    0.5772277E+00    0.7637110E+04
   0.1729452E+01    0.5782178E+00    0.3924178E+04
   0.1726496E+01    0.5792079E+00    0.2622331E+04
   0.1723549E+01    0.5801980E+00    0.2697936E+04
   0.1720613E+01    0.5811881E+00    0.3326517E+04
   0.1717687E+01    0.5821782E+00    0.4116077E+04
   0.1714771E+01    0.5831683E+00    0.5120670E+04
   0.1711864E+01    0.5841584E+00    0.6668776E+04
   0.1708968E+01    0.5851485E+00    0.9092609E+04
   0.1706081E+01    0.5861386E+00    0.1247206E+05
   0.1703204E+01    0.5871287E+00    0.1649375E+05
   0.1700337E+01    0.5881188E+00    0.2047861E+05
   0.1697479E+01    0.5891089E+00    0.2356774E+05
   0.1694631E+01    0.5900990E+00    0.2499936E+05
   0.1691792E+01    0.5910891E+00    0.2437710E+05
   0.1688963E+01    0.5920792E+00    0.2183302E+05
   0.1686144E+01    0.5930693E+00    0.1802468E+05
   0.1683333E+01    0.5940594E+00    0.1396187E+05
   0.1680532E+01    0.5950495E+00    0.1071547E+05
   0.1677741E+01    0.5960396E+00    0.9100271E+04
   0.1674959E+01    0.5970297E+00    0.9432014E+04
   0.1672185E+01    0.5980198E+00    0.1143517E+05
   0.1669421E+01    0.5990099E+00    0.1432973E+05
   0.1666667E+01    0.6000000E+00    0.1706900E+05
   0.1663921E+01    0.6009901E+00    0.1865386E+05
   0.1661184E+01    0.6019802E+00    0.1842705E+05
   0.1658456E+01    0.6029703E+00    0.1625922E+05
   0.1655738E+01    0.6039604E+00    0.1257426E+05
   0.1653028E+01    0.6049505E+00    0.8211526E+04
   0.1650327E+01    0.6059406E+00    0.4172266E+04
   0.1647635E+01    0.6069307E+00    0.1330155E+04
   0.1644951E+01    0.6079208E+00    0.1933231E+03
   0.1642276E+01    0.6089109E+00    0.7854275E+03
   0.1639610E+01    0.6099010E+00    0.2674179E+04
   0.1636953E+01    0.6108911E+00    0.5129912E+04
   0.1634304E+01    0.6118812E+00    0.7358800E+04
   0.1631664E+01    0.6128713E+00    0.8736254E+04
   0.1629032E+01    0.6138614E+00    0.8970806E+04
   0.1626409E+01    0.6148515E+00    0.8154394E+04
   0.1623794E+01    0.6158416E+00    0.6692548E+04
   0.1621188E+01    0.6168317E+00    0.5145070E+04
   0.1618590E+01    0.6178218E+00    0.4033185E+04
   0.1616000E+01    0.6188119E+00    0.3675570E+04
   0.1613419E+01    0.6198020E+00    0.4102377E+04
   0.1610845E+01    0.6207921E+00    0.5068569E+04
   0.1608280E+01    0.6217822E+00    0.6155192E+04
   0.1605723E+01    0.6227723E+00    0.6919992E+04
   0.1603175E+01    0.6237624E+00    0.7045415E+04
   0.1600634E+01    0.6247525E+00    0.6435841E+04
   0.1598101E+01    0.6257426E+00    0.5235008E+04
   0.1595577E+01    0.6267327E+00    0.3762114E+04
   0.1593060E+01    0.6277228E+00    0.2392025E+04
   0.1590551E+01    0.6287129E+00    0.1422772E+04
   0.1588050E+01    0.6297030E+00    0.9767356E+03
   0.1585557E+01    0.6306931E+00    0.9698566E+03
   0.1583072E+01    0.6316832E+00    0.1160019E+04
   0.1580595E+01    0.6326733E+00    0.1258931E+04
   0.1578125E+01    0.6336634E+00    0.1069842E+04
   0.1575663E+01    0.6346535E+00    0.6033429E+03
   0.1573209E+01    0.6356436E+00    0.1284632E+03
   0.1570762E+01    0.6366337E+00    0.1351198E+03
   0.1568323E+01    0.6376238E+00    0.1211093E+04
   0.1565891E+01    0.6386139E+00    0.3864081E+04
   0.1563467E+01    0.6396040E+00    0.8338773E+04
   0.1561051E+01    0.6405941E+00    0.1448424E+05
   0.1558642E+01    0.6415842E+00    0.2171620E+05
   0.1556240E+01    0.6425743E+00    0.2909447E+05
   0.1553846E+01    0.6435644E+00    0.3550463E+05
   0.1551459E+01    0.6445545E+00    0.3990311E+05
   0.1549080E+01    0.6455446E+00    0.4156534E+05
   0.1546708E+01    0.6465347E+00    0.4027247E+05
   0.1544343E+01    0.6475248E+00    0.3638562E+05
   0.1541985E+01    0.6485149E+00    0.3078415E+05
   0.1539634E+01    0.6495050E+00    0.2467905E+05
   0.1537291E+01    0.6504950E+00    0.1934473E+05
   0.1534954E+01    0.6514851E+00    0.1583435E+05
   0.1532625E+01    0.6524752E+00    0.1474833E+05
   0.1530303E+01    0.6534653E+00    0.1611236E+05
   0.1527988E+01    0.6544554E+00    0.1939326E+05
   0.1525680E+01    0.6554455E+00    0.2364545E+05
   0.1523379E+01    0.6564356E+00    0.2774797E+05
   0.1521084E+01    0.6574257E+00    0.3067012E+05
   0.1518797E+01    0.6584158E+00    0.3169840E+05
   0.1516517E+01    0.6594059E+00    0.3057078E+05
   0.1514243E+01    0.6603960E+00    0.2749093E+05
   0.1511976E+01    0.6613861E+00    0.2302845E+05
   0.1509716E+01    0.6623762E+00    0.1794133E+05
   0.1507463E+01    0.6633663E+00    0.1297526E+05
   0.1505216E+01    0.6643564E+00    0.8696699E+04
   0.1502976E+01    0.6653465E+00    0.5402101E+04
   0.1500743E+01    0.6663366E+00    0.3119487E+04
   0.1498516E+01    0.6673267E+00    0.1689093E+04
   0.1496296E+01    0.6683168E+00    0.8857696E+03
   0.1494083E+01    0.6693069E+00    0.5351082E+03
   0.1491876E+01    0.6702970E+00    0.5806681E+03
   0.1489676E+01    0.6712871E+00    0.1079541E+04
   0.1487482E+01    0.6722772E+00    0.2131046E+04
   0.1485294E+01    0.6732673E+00    0.3769469E+04
   0.1483113E+01    0.6742574E+00    0.5867435E+04
   0.1480938E+01    0.6752475E+00    0.8095836E+04
   0.1478770E+01    0.6762376E+00    0.9968655E+04
   0.1476608E+01    0.6772277E+00    0.1097139E+05
   0.1474453E+01    0.6782178E+00    0.1073953E+05
   0.1472303E+01    0.6792079E+00    0.9229430E+04
   0.1470160E+01    0.6801980E+00    0.6817394E+04
   0.1468023E+01    0.6811881E+00    0.4277361E+04
   0.1465893E+01    0.6821782E+00    0.2621386E+04
   0.1463768E+01    0.6831683E+00    0.2830742E+04
   0.1461650E+01    0.6841584E+00    0.5545973E+04
   0.1459538E+01    0.6851485E+00    0.1080813E+05
   0.1457431E+01    0.6861386E+00    0.1794112E+05
   0.1455331E+01    0.6871287E+00    0.2563415E+05
   0.1453237E+01    0.6881188E+00    0.3222993E+05
   0.1451149E+01    0.6891089E+00    0.3616248E+05
   0.1449067E+01    0.6900990E+00    0.3643572E+05
   0.1446991E+01    0.6910891E+00    0.3300787E+05
   0.1444921E+01    0.6920792E+00    0.2695697E+05
   0.1442857E+01    0.6930693E+00    0.2035124E+05
   0.1440799E+01    0.6940594E+00    0.1582364E+05
   0.1438746E+01    0.6950495E+00    0.1593342E+05
   0.1436700E+01    0.6960396E+00    0.2246629E+05
   0.1434659E+01    0.6970297E+00    0.3585658E+05
   0.1432624E+01    0.6980198E+00    0.5489878E+05
   0.1430595E+01    0.6990099E+00    0.7685153E+05
   0.1428571E+01    0.7000000E+00    0.9793979E+05
   0.1426554E+01    0.7009901E+00    0.1141546E+06
   0.1424542E+01    0.7019802E+00    0.1221647E+06
   0.1422535E+01    0.7029703E+00    0.1201137E+06
   0.1420534E+01    0.7039604E+00    0.1080952E+06
   0.1418539E+01    0.7049505E+00    0.8817458E+05
   0.1416550E+01    0.7059406E+00    0.6393975E+05
   0.1414566E+01    0.7069307E+00    0.3968548E+05
   0.1412587E+01    0.7079208E+00    0.1943472E+05
   0.1410615E+01    0.7089109E+00    0.6044840E+04
   0.1408647E+01    0.7099010E+00    0.6256630E+03
   0.1406685E+01    0.7108911E+00    0.2413503E+04
   0.1404729E+01    0.7118812E+00    0.9122538E+04
   0.1402778E+01    0.7128713E+00    0.1766640E+05
   0.1400832E+01    0.7138614E+00    0.2504421E+05
   0.1398892E+01    0.7148515E+00    0.2914454E+05
   0.1396957E+01    0.7158416E+00    0.2924941E+05
   0.1395028E+01    0.7168317E+00    0.2611024E+05
   0.1393103E+01    0.7178218E+00    0.2159213E+05
   0.1391185E+01    0.7188119E+00    0.1800690E+05
   0.1389271E+01    0.7198020E+00    0.1734162E+05
   0.1387363E+01    0.7207921E+00    0.2061445E+05
   0.1385460E+01    0.7217822E+00    0.2754616E+05
   0.1383562E+01    0.7227723E+00    0.3663726E+05
   0.1381669E+01    0.7237624E+00    0.4561830E+05
   0.1379781E+01    0.7247525E+00    0.5212948E+05
   0.1377899E+01    0.7257426E+00    0.5442053E+05
   0.1376022E+01    0.7267327E+00    0.5186016E+05
   0.1374150E+01    0.7277228E+00    0.4510598E+05
   0.1372283E+01    0.7287129E+00    0.3589162E+05
   0.1370421E+01    0.7297030E+00    0.2650394E+05
   0.1368564E+01    0.7306931E+00    0.1911478E+05
   0.1366712E+01    0.7316832E+00    0.1517122E+05
   0.1364865E+01    0.7326733E+00    0.1502483E+05
   0.1363023E+01    0.7336634E+00    0.1790249E+05
   0.1361186E+01    0.7346535E+00    0.2221458E+05
   0.1359354E+01    0.7356436E+00    0.2609364E+05
   0.1357527E+01    0.7366337E+00    0.2799061E+05
   0.1355705E+01    0.7376238E+00    0.2714386E+05
   0.1353887E+01    0.7386139E+00    0.2378279E+05
   0.1352075E+01    0.7396040E+00    0.1901413E+05
   0.1350267E+01    0.7405941E+00    0.1443868E+05
   0.1348465E+01    0.7415842E+00    0.1162720E+05
   0.1346667E+01    0.7425743E+00    0.1162190E+05
   0.1344874E+01    0.7435644E+00    0.1461491E+05
   0.1343085E+01    0.7445545E+00    0.1989408E+05
   0.1341301E+01    0.7455446E+00    0.2606064E+05
   0.1339523E+01    0.7465347E+00    0.3144069E+05
   0.1337748E+01    0.7475248E+00    0.3455837E+05
   0.1335979E+01    0.7485149E+00    0.3452857E+05
   0.1334214E+01    0.7495050E+00    0.3126115E+05
   0.1332454E+01    0.7504950E+00    0.2543312E+05
   0.1330698E+01    0.7514851E+00    0.1825846E+05
   0.1328947E+01    0.7524752E+00    0.1114204E+05
   0.1327201E+01    0.7534653E+00    0.5329578E+04
   0.1325459E+01    0.7544554E+00    0.1653139E+04
   0.1323722E+01    0.7554455E+00    0.4296994E+03
   0.1321990E+01    0.7564356E+00    0.1515003E+04
   0.1320261E+01    0.7574257E+00    0.4466271E+04
   0.1318538E+01    0.7584158E+00    0.8740300E+04
   0.1316819E+01    0.7594059E+00    0.1385505E+05
   0.1315104E+01    0.7603960E+00    0.1946875E+05
   0.1313394E+01    0.7613861E+00    0.2536875E+05
   0.1311688E+01    0.7623762E+00    0.3139776E+05
   0.1309987E+01    0.7633663E+00    0.3736458E+05
   0.1308290E+01    0.7643564E+00    0.4298516E+05
   0.1306598E+01    0.7653465E+00    0.4788033E+05
   0.1304910E+01    0.7663366E+00    0.5162881E+05
   0.1303226E+01    0.7673267E+00    0.5385052E+05
   0.1301546E+01    0.7683168E+00    0.5428472E+05
   0.1299871E+01    0.7693069E+00    0.5283403E+05
   0.1298201E+01    0.7702970E+00    0.4956417E+05
   0.1296534E+01    0.7712871E+00    0.4467125E+05
   0.1294872E+01    0.7722772E+00    0.3844294E+05
   0.1293214E+01    0.7732673E+00    0.3123968E+05
   0.1291560E+01    0.7742574E+00    0.2350765E+05
   0.1289911E+01    0.7752475E+00    0.1581208E+05
   0.1288265E+01    0.7762376E+00    0.8859529E+04
   0.1286624E+01    0.7772277E+00    0.3471392E+04
   0.1284987E+01    0.7782178E+00    0.4833763E+03
   0.1283355E+01    0.7792079E+00    0.5747204E+03
   0.1281726E+01    0.7801980E+00    0.4066063E+04
   0.1280101E+01    0.7811881E+00    0.1075151E+05
   0.1278481E+01    0.7821782E+00    0.1983554E+05
   0.1276865E+01    0.7831683E+00    0.3002295E+05
   0.1275253E+01    0.7841584E+00    0.3976434E+05
   0.1273644E+01    0.7851485E+00    0.4760523E+05
   0.1272040E+01    0.7861386E+00    0.5254280E+05
   0.1270440E+01    0.7871287E+00    0.5427892E+05
   0.1268844E+01    0.7881188E+00    0.5328060E+05
   0.1267252E+01    0.7891089E+00    0.5061481E+05
   0.1265664E+01    0.7900990E+00    0.4759806E+05
   0.1264080E+01    0.7910891E+00    0.4536623E+05
   0.1262500E+01    0.7920792E+00    0.4450422E+05
