   0.0000000E+00    0.1000000E+01
   0.1000000E+00    0.9781757E+00
   0.2000000E+00    0.9158952E+00
   0.3000000E+00    0.8221603E+00
   0.4000000E+00    0.7101689E+00
   0.5000000E+00    0.5949777E+00
   0.6000000E+00    0.4908910E+00
   0.7000000E+00    0.4090768E+00
   0.8000000E+00    0.3558511E+00
   0.9000000E+00    0.3319342E+00
   0.1000000E+01    0.3327813E+00
   0.1100000E+01    0.3498776E+00
   0.1200000E+01    0.3726979E+00
   0.1300000E+01    0.3909130E+00
   0.1400000E+01    0.3963952E+00
   0.1500000E+01    0.3846275E+00
   0.1600000E+01    0.3552863E+00
   0.1700000E+01    0.3119040E+00
   0.1800000E+01    0.2607631E+00
   0.1900000E+01    0.2092933E+00
   0.2000000E+01    0.1643403E+00
   0.2100000E+01    0.1306900E+00
   0.2200000E+01    0.1101499E+00
   0.2300000E+01    0.1013570E+00
   0.2400000E+01    0.1003148E+00
   0.2500000E+01    0.1015031E+00
   0.2600000E+01    0.9927778E-01
   0.2700000E+01    0.8924398E-01
   0.2800000E+01    0.6927970E-01
   0.2900000E+01    0.3999917E-01
   0.3000000E+01    0.4565760E-02
   0.3100000E+01   -0.3208279E-01
   0.3200000E+01   -0.6440575E-01
   0.3300000E+01   -0.8755290E-01
   0.3400000E+01   -0.9848652E-01
   0.3500000E+01   -0.9668397E-01
   0.3600000E+01   -0.8427308E-01
   0.3700000E+01   -0.6557923E-01
   0.3800000E+01   -0.4620106E-01
   0.3900000E+01   -0.3181440E-01
   0.4000000E+01   -0.2698575E-01
   0.4100000E+01   -0.3423327E-01
   0.4200000E+01   -0.5354346E-01
   0.4300000E+01   -0.8242613E-01
   0.4400000E+01   -0.1164823E+00
   0.4500000E+01   -0.1503443E+00
   0.4600000E+01   -0.1787866E+00
   0.4700000E+01   -0.1977492E+00
   0.4800000E+01   -0.2050897E+00
   0.4900000E+01   -0.2008918E+00
   0.5000000E+01   -0.1873148E+00
   0.5100000E+01   -0.1680186E+00
   0.5200000E+01   -0.1473249E+00
   0.5300000E+01   -0.1292899E+00
   0.5400000E+01   -0.1169093E+00
   0.5500000E+01   -0.1115824E+00
   0.5600000E+01   -0.1129593E+00
   0.5700000E+01   -0.1191544E+00
   0.5800000E+01   -0.1272692E+00
   0.5900000E+01   -0.1340790E+00
   0.6000000E+01   -0.1367347E+00
   0.6100000E+01   -0.1333272E+00
   0.6200000E+01   -0.1232202E+00
   0.6300000E+01   -0.1070878E+00
   0.6400000E+01   -0.8669617E-01
   0.6500000E+01   -0.6448147E-01
   0.6600000E+01   -0.4306817E-01
   0.6700000E+01   -0.2478785E-01
   0.6800000E+01   -0.1133912E-01
   0.6900000E+01   -0.3611063E-02
   0.7000000E+01   -0.1690313E-02
   0.7100000E+01   -0.5007282E-02
   0.7200000E+01   -0.1256588E-01
   0.7300000E+01   -0.2318139E-01
   0.7400000E+01   -0.3566807E-01
   0.7500000E+01   -0.4894440E-01
   0.7600000E+01   -0.6205383E-01
   0.7700000E+01   -0.7411728E-01
   0.7800000E+01   -0.8429814E-01
   0.7900000E+01   -0.9176107E-01
   0.8000000E+01   -0.9571959E-01
   0.8100000E+01   -0.9554041E-01
   0.8200000E+01   -0.9089634E-01
   0.8300000E+01   -0.8192137E-01
   0.8400000E+01   -0.6932339E-01
   0.8500000E+01   -0.5438169E-01
   0.8600000E+01   -0.3884846E-01
   0.8700000E+01   -0.2470447E-01
   0.8800000E+01   -0.1385555E-01
   0.8900000E+01   -0.7788294E-02
   0.9000000E+01   -0.7292817E-02
   0.9100000E+01   -0.1229711E-01
   0.9200000E+01   -0.2186805E-01
   0.9300000E+01   -0.3438039E-01
   0.9400000E+01   -0.4782497E-01
   0.9500000E+01   -0.6019599E-01
   0.9600000E+01   -0.6985912E-01
   0.9700000E+01   -0.7584456E-01
   0.9800000E+01   -0.7797744E-01
   0.9900000E+01   -0.7683082E-01
   0.1000000E+02   -0.7352378E-01
   0.1010000E+02   -0.6939871E-01
   0.1020000E+02   -0.6567796E-01
   0.1030000E+02   -0.6317320E-01
   0.1040000E+02   -0.6212266E-01
   0.1050000E+02   -0.6219392E-01
   0.1060000E+02   -0.6264851E-01
   0.1070000E+02   -0.6262024E-01
   0.1080000E+02   -0.6144677E-01
   0.1090000E+02   -0.5891852E-01
   0.1100000E+02   -0.5544651E-01
   0.1110000E+02   -0.5202220E-01
   0.1120000E+02   -0.5001377E-01
   0.1130000E+02   -0.5082555E-01
   0.1140000E+02   -0.5550101E-01
   0.1150000E+02   -0.6437477E-01
   0.1160000E+02   -0.7685602E-01
   0.1170000E+02   -0.9142092E-01
   0.1180000E+02   -0.1058223E+00
   0.1190000E+02   -0.1175153E+00
   0.1200000E+02   -0.1241299E+00
   0.1210000E+02   -0.1240257E+00
   0.1220000E+02   -0.1166655E+00
   0.1230000E+02   -0.1028005E+00
   0.1240000E+02   -0.8438382E-01
   0.1250000E+02   -0.6422763E-01
   0.1260000E+02   -0.4546420E-01
   0.1270000E+02   -0.3092444E-01
   0.1280000E+02   -0.2256479E-01
   0.1290000E+02   -0.2106462E-01
   0.1300000E+02   -0.2569982E-01
   0.1310000E+02   -0.3449775E-01
   0.1320000E+02   -0.4467208E-01
   0.1330000E+02   -0.5322824E-01
   0.1340000E+02   -0.5762109E-01
   0.1350000E+02   -0.5631256E-01
   0.1360000E+02   -0.4911667E-01
   0.1370000E+02   -0.3724996E-01
   0.1380000E+02   -0.2307682E-01
   0.1390000E+02   -0.9603395E-02
   0.1400000E+02    0.1711645E-03
   0.1410000E+02    0.3905580E-02
   0.1420000E+02    0.4289593E-03
   0.1430000E+02   -0.9995918E-02
   0.1440000E+02   -0.2571644E-01
   0.1450000E+02   -0.4402504E-01
   0.1460000E+02   -0.6172715E-01
   0.1470000E+02   -0.7579717E-01
   0.1480000E+02   -0.8400388E-01
   0.1490000E+02   -0.8535548E-01
   0.1500000E+02   -0.8028456E-01
   0.1510000E+02   -0.7052259E-01
   0.1520000E+02   -0.5870691E-01
   0.1530000E+02   -0.4779981E-01
   0.1540000E+02   -0.4044802E-01
   0.1550000E+02   -0.3841891E-01
   0.1560000E+02   -0.4223183E-01
   0.1570000E+02   -0.5105507E-01
   0.1580000E+02   -0.6289753E-01
   0.1590000E+02   -0.7502984E-01
   0.1600000E+02   -0.8456275E-01
   0.1610000E+02   -0.8904780E-01
   0.1620000E+02   -0.8698045E-01
   0.1630000E+02   -0.7810433E-01
   0.1640000E+02   -0.6346138E-01
   0.1650000E+02   -0.4518385E-01
   0.1660000E+02   -0.2607954E-01
   0.1670000E+02   -0.9101951E-02
   0.1680000E+02    0.3193134E-02
   0.1690000E+02    0.9086875E-02
   0.1700000E+02    0.7959658E-02
   0.1710000E+02    0.3429558E-03
   0.1720000E+02   -0.1225622E-01
   0.1730000E+02   -0.2768175E-01
   0.1740000E+02   -0.4355741E-01
   0.1750000E+02   -0.5771123E-01
   0.1760000E+02   -0.6852583E-01
   0.1770000E+02   -0.7515135E-01
   0.1780000E+02   -0.7755781E-01
   0.1790000E+02   -0.7643372E-01
   0.1800000E+02   -0.7296653E-01
   0.1810000E+02   -0.6856241E-01
   0.1820000E+02   -0.6456203E-01
   0.1830000E+02   -0.6200608E-01
   0.1840000E+02   -0.6148525E-01
   0.1850000E+02   -0.6308845E-01
   0.1860000E+02   -0.6644274E-01
   0.1870000E+02   -0.7082285E-01
   0.1880000E+02   -0.7530021E-01
   0.1890000E+02   -0.7890121E-01
   0.1900000E+02   -0.8075019E-01
   0.1910000E+02   -0.8018163E-01
   0.1920000E+02   -0.7681630E-01
   0.1930000E+02   -0.7059726E-01
   0.1940000E+02   -0.6180279E-01
   0.1950000E+02   -0.5101826E-01
   0.1960000E+02   -0.3909066E-01
   0.1970000E+02   -0.2704926E-01
   0.1980000E+02   -0.1600745E-01
   0.1990000E+02   -0.7029854E-02
   0.2000000E+02   -0.9983582E-03
   0.2010000E+02    0.1535343E-02
   0.2020000E+02    0.4535758E-03
   0.2030000E+02   -0.3860889E-02
   0.2040000E+02   -0.1053576E-01
   0.2050000E+02   -0.1829963E-01
   0.2060000E+02   -0.2565702E-01
   0.2070000E+02   -0.3111536E-01
   0.2080000E+02   -0.3343288E-01
   0.2090000E+02   -0.3184721E-01
   0.2100000E+02   -0.2622686E-01
   0.2110000E+02   -0.1711615E-01
   0.2120000E+02   -0.5654892E-02
   0.2130000E+02    0.6625148E-02
   0.2140000E+02    0.1808653E-01
   0.2150000E+02    0.2728478E-01
   0.2160000E+02    0.3330369E-01
   0.2170000E+02    0.3590461E-01
   0.2180000E+02    0.3561793E-01
   0.2190000E+02    0.3362404E-01
   0.2200000E+02    0.3153714E-01
   0.2210000E+02    0.3105746E-01
   0.2220000E+02    0.3360923E-01
   0.2230000E+02    0.4001732E-01
   0.2240000E+02    0.5029753E-01
   0.2250000E+02    0.6361356E-01
   0.2260000E+02    0.7839385E-01
   0.2270000E+02    0.9262400E-01
   0.2280000E+02    0.1042206E+00
   0.2290000E+02    0.1114400E+00
   0.2300000E+02    0.1132177E+00
   0.2310000E+02    0.1093863E+00
   0.2320000E+02    0.1007081E+00
   0.2330000E+02    0.8872943E-01
   0.2340000E+02    0.7546446E-01
   0.2350000E+02    0.6300246E-01
   0.2360000E+02    0.5308117E-01
   0.2370000E+02    0.4674728E-01
   0.2380000E+02    0.4414990E-01
   0.2390000E+02    0.4452099E-01
   0.2400000E+02    0.4634318E-01
   0.2410000E+02    0.4767155E-01
   0.2420000E+02    0.4654559E-01
   0.2430000E+02    0.4139986E-01
   0.2440000E+02    0.3141642E-01
   0.2450000E+02    0.1670781E-01
   0.2460000E+02   -0.1664142E-02
   0.2470000E+02   -0.2186114E-01
   0.2480000E+02   -0.4157622E-01
   0.2490000E+02   -0.5847249E-01
   0.2500000E+02   -0.7056703E-01
   0.2510000E+02   -0.7659434E-01
   0.2520000E+02   -0.7622023E-01
   0.2530000E+02   -0.7008957E-01
   0.2540000E+02   -0.5970262E-01
   0.2550000E+02   -0.4715309E-01
   0.2560000E+02   -0.3476210E-01
   0.2570000E+02   -0.2470673E-01
   0.2580000E+02   -0.1867778E-01
   0.2590000E+02   -0.1764452E-01
   0.2600000E+02   -0.2174570E-01
   0.2610000E+02   -0.3033095E-01
   0.2620000E+02   -0.4211891E-01
   0.2630000E+02   -0.5545249E-01
   0.2640000E+02   -0.6857310E-01
   0.2650000E+02   -0.7991687E-01
   0.2660000E+02   -0.8831091E-01
   0.2670000E+02   -0.9311204E-01
   0.2680000E+02   -0.9423399E-01
   0.2690000E+02   -0.9208075E-01
   0.2700000E+02   -0.8741012E-01
   0.2710000E+02   -0.8115769E-01
   0.2720000E+02   -0.7424957E-01
   0.2730000E+02   -0.6744646E-01
   0.2740000E+02   -0.6124111E-01
   0.2750000E+02   -0.5581493E-01
   0.2760000E+02   -0.5106072E-01
   0.2770000E+02   -0.4666307E-01
   0.2780000E+02   -0.4220917E-01
   0.2790000E+02   -0.3731135E-01
   0.2800000E+02   -0.3171454E-01
   0.2810000E+02   -0.2536796E-01
   0.2820000E+02   -0.1844747E-01
   0.2830000E+02   -0.1132308E-01
   0.2840000E+02   -0.4482760E-02
   0.2850000E+02    0.1580613E-02
   0.2860000E+02    0.6486989E-02
   0.2870000E+02    0.1007225E-01
   0.2880000E+02    0.1245413E-01
   0.2890000E+02    0.1403719E-01
   0.2900000E+02    0.1545564E-01
   0.2910000E+02    0.1746156E-01
   0.2920000E+02    0.2076936E-01
   0.2930000E+02    0.2589255E-01
   0.2940000E+02    0.3299520E-01
   0.2950000E+02    0.4181452E-01
   0.2960000E+02    0.5164005E-01
   0.2970000E+02    0.6140160E-01
   0.2980000E+02    0.6982695E-01
   0.2990000E+02    0.7565772E-01
   0.3000000E+02    0.7790277E-01
   0.3010000E+02    0.7601102E-01
   0.3020000E+02    0.7004177E-01
   0.3030000E+02    0.6067591E-01
   0.3040000E+02    0.4912738E-01
   0.3050000E+02    0.3694891E-01
   0.3060000E+02    0.2574184E-01
   0.3070000E+02    0.1686615E-01
   0.3080000E+02    0.1117165E-01
   0.3090000E+02    0.8816121E-02
   0.3100000E+02    0.9230109E-02
   0.3110000E+02    0.1122356E-01
   0.3120000E+02    0.1322233E-01
   0.3130000E+02    0.1360335E-01
   0.3140000E+02    0.1104691E-01
   0.3150000E+02    0.4850244E-02
   0.3160000E+02   -0.4878957E-02
   0.3170000E+02   -0.1718645E-01
   0.3180000E+02   -0.3041042E-01
   0.3190000E+02   -0.4247188E-01
   0.3200000E+02   -0.5126854E-01
   0.3210000E+02   -0.5508594E-01
   0.3220000E+02   -0.5295282E-01
   0.3230000E+02   -0.4485689E-01
   0.3240000E+02   -0.3178935E-01
   0.3250000E+02   -0.1558216E-01
   0.3260000E+02    0.1407288E-02
   0.3270000E+02    0.1672187E-01
   0.3280000E+02    0.2824560E-01
   0.3290000E+02    0.3457898E-01
   0.3300000E+02    0.3526850E-01
   0.3310000E+02    0.3085313E-01
   0.3320000E+02    0.2271652E-01
   0.3330000E+02    0.1278282E-01
   0.3340000E+02    0.3121655E-02
   0.3350000E+02   -0.4455064E-02
   0.3360000E+02   -0.8716447E-02
   0.3370000E+02   -0.9197573E-02
   0.3380000E+02   -0.6211135E-02
   0.3390000E+02   -0.6955755E-03
   0.3400000E+02    0.6081072E-02
   0.3410000E+02    0.1283241E-01
   0.3420000E+02    0.1857861E-01
   0.3430000E+02    0.2284979E-01
   0.3440000E+02    0.2575950E-01
   0.3450000E+02    0.2791216E-01
   0.3460000E+02    0.3018742E-01
   0.3470000E+02    0.3344829E-01
   0.3480000E+02    0.3824790E-01
   0.3490000E+02    0.4462095E-01
   0.3500000E+02    0.5199222E-01
   0.3510000E+02    0.5926145E-01
   0.3520000E+02    0.6502523E-01
   0.3530000E+02    0.6790606E-01
   0.3540000E+02    0.6690396E-01
   0.3550000E+02    0.6169904E-01
   0.3560000E+02    0.5282644E-01
   0.3570000E+02    0.4167543E-01
   0.3580000E+02    0.3030622E-01
   0.3590000E+02    0.2110653E-01
   0.3600000E+02    0.1636953E-01
   0.3610000E+02    0.1784811E-01
   0.3620000E+02    0.2640293E-01
   0.3630000E+02    0.4179903E-01
   0.3640000E+02    0.6269868E-01
   0.3650000E+02    0.8685462E-01
   0.3660000E+02    0.1114626E+00
   0.3670000E+02    0.1336119E+00
   0.3680000E+02    0.1507579E+00
   0.3690000E+02    0.1610890E+00
   0.3700000E+02    0.1637977E+00
   0.3710000E+02    0.1591423E+00
   0.3720000E+02    0.1483463E+00
   0.3730000E+02    0.1333307E+00
   0.3740000E+02    0.1163871E+00
   0.3750000E+02    0.9977852E-01
   0.3760000E+02    0.8543518E-01
   0.3770000E+02    0.7470710E-01
   0.3780000E+02    0.6825589E-01
   0.3790000E+02    0.6605876E-01
   0.3800000E+02    0.6752819E-01
   0.3810000E+02    0.7168515E-01
   0.3820000E+02    0.7736260E-01
   0.3830000E+02    0.8339360E-01
   0.3840000E+02    0.8875644E-01
   0.3850000E+02    0.9267382E-01
   0.3860000E+02    0.9465198E-01
   0.3870000E+02    0.9448639E-01
   0.3880000E+02    0.9223819E-01
   0.3890000E+02    0.8819871E-01
   0.3900000E+02    0.8284432E-01
   0.3910000E+02    0.7678579E-01
   0.3920000E+02    0.7070535E-01
   0.3930000E+02    0.6527605E-01
   0.3940000E+02    0.6106714E-01
   0.3950000E+02    0.5844228E-01
   0.3960000E+02    0.5746107E-01
   0.3970000E+02    0.5782059E-01
   0.3980000E+02    0.5884500E-01
   0.3990000E+02    0.5954867E-01
   0.4000000E+02    0.5877436E-01
   0.4010000E+02    0.5538954E-01
   0.4020000E+02    0.4851395E-01
   0.4030000E+02    0.3772946E-01
   0.4040000E+02    0.2323970E-01
   0.4050000E+02    0.5898113E-02
   0.4060000E+02   -0.1285127E-01
   0.4070000E+02   -0.3118240E-01
   0.4080000E+02   -0.4718463E-01
   0.4090000E+02   -0.5919259E-01
   0.4100000E+02   -0.6609939E-01
   0.4110000E+02   -0.6757298E-01
   0.4120000E+02   -0.6413370E-01
   0.4130000E+02   -0.5706732E-01
   0.4140000E+02   -0.4818440E-01
   0.4150000E+02   -0.3947752E-01
   0.4160000E+02   -0.3273623E-01
   0.4170000E+02   -0.2920860E-01
   0.4180000E+02   -0.2938029E-01
   0.4190000E+02   -0.3291697E-01
   0.4200000E+02   -0.3878025E-01
   0.4210000E+02   -0.4550017E-01
   0.4220000E+02   -0.5153367E-01
   0.4230000E+02   -0.5562018E-01
   0.4240000E+02   -0.5707170E-01
   0.4250000E+02   -0.5590652E-01
   0.4260000E+02   -0.5280831E-01
   0.4270000E+02   -0.4891289E-01
   0.4280000E+02   -0.4548087E-01
   0.4290000E+02   -0.4352834E-01
   0.4300000E+02   -0.4352083E-01
   0.4310000E+02   -0.4519346E-01
   0.4320000E+02   -0.4757563E-01
   0.4330000E+02   -0.4920068E-01
   0.4340000E+02   -0.4847595E-01
   0.4350000E+02   -0.4411321E-01
   0.4360000E+02   -0.3555296E-01
   0.4370000E+02   -0.2321620E-01
   0.4380000E+02   -0.8560118E-02
   0.4390000E+02    0.6097868E-02
   0.4400000E+02    0.1800406E-01
   0.4410000E+02    0.2452453E-01
   0.4420000E+02    0.2372397E-01
   0.4430000E+02    0.1484644E-01
   0.4440000E+02   -0.1415994E-02
   0.4450000E+02   -0.2294612E-01
   0.4460000E+02   -0.4652735E-01
   0.4470000E+02   -0.6840649E-01
   0.4480000E+02   -0.8500262E-01
   0.4490000E+02   -0.9359070E-01
   0.4500000E+02   -0.9287322E-01
   0.4510000E+02   -0.8322126E-01
   0.4520000E+02   -0.6662428E-01
   0.4530000E+02   -0.4628395E-01
   0.4540000E+02   -0.2598131E-01
   0.4550000E+02   -0.9294110E-02
   0.4560000E+02    0.1119750E-02
   0.4570000E+02    0.4056796E-02
   0.4580000E+02   -0.7974980E-05
   0.4590000E+02   -0.9056428E-02
   0.4600000E+02   -0.1998474E-01
   0.4610000E+02   -0.2929536E-01
   0.4620000E+02   -0.3386986E-01
   0.4630000E+02   -0.3164969E-01
   0.4640000E+02   -0.2210591E-01
   0.4650000E+02   -0.6346985E-02
   0.4660000E+02    0.1309503E-01
   0.4670000E+02    0.3280924E-01
   0.4680000E+02    0.4922216E-01
   0.4690000E+02    0.5935577E-01
   0.4700000E+02    0.6144014E-01
   0.4710000E+02    0.5527868E-01
   0.4720000E+02    0.4226205E-01
   0.4730000E+02    0.2505042E-01
   0.4740000E+02    0.6986439E-02
   0.4750000E+02   -0.8620356E-02
   0.4760000E+02   -0.1918921E-01
   0.4770000E+02   -0.2338765E-01
   0.4780000E+02   -0.2136702E-01
   0.4790000E+02   -0.1466679E-01
   0.4800000E+02   -0.5819118E-02
   0.4810000E+02    0.2258729E-02
   0.4820000E+02    0.6939325E-02
   0.4830000E+02    0.6479097E-02
   0.4840000E+02    0.4035395E-03
   0.4850000E+02   -0.1041009E-01
   0.4860000E+02   -0.2394582E-01
   0.4870000E+02   -0.3752488E-01
   0.4880000E+02   -0.4841937E-01
   0.4890000E+02   -0.5447083E-01
   0.4900000E+02   -0.5456871E-01
   0.4910000E+02   -0.4889246E-01
   0.4920000E+02   -0.3884307E-01
   0.4930000E+02   -0.2672821E-01
   0.4940000E+02   -0.1521594E-01
   0.4950000E+02   -0.6717926E-02
   0.4960000E+02   -0.2868697E-02
   0.4970000E+02   -0.4109205E-02
   0.4980000E+02   -0.9640016E-02
   0.4990000E+02   -0.1755176E-01
   0.5000000E+02   -0.2526910E-01
   0.5010000E+02   -0.3011380E-01
   0.5020000E+02   -0.2990105E-01
   0.5030000E+02   -0.2341421E-01
   0.5040000E+02   -0.1069375E-01
   0.5050000E+02    0.6959940E-02
   0.5060000E+02    0.2723056E-01
   0.5070000E+02    0.4724340E-01
   0.5080000E+02    0.6412215E-01
   0.5090000E+02    0.7553423E-01
   0.5100000E+02    0.8010955E-01
   0.5110000E+02    0.7765196E-01
   0.5120000E+02    0.6912728E-01
   0.5130000E+02    0.5639810E-01
   0.5140000E+02    0.4183739E-01
   0.5150000E+02    0.2786247E-01
   0.5160000E+02    0.1650062E-01
   0.5170000E+02    0.9078673E-02
   0.5180000E+02    0.6082091E-02
   0.5190000E+02    0.7195436E-02
   0.5200000E+02    0.1149462E-01
   0.5210000E+02    0.1773087E-01
   0.5220000E+02    0.2463168E-01
   0.5230000E+02    0.3115446E-01
   0.5240000E+02    0.3662735E-01
   0.5250000E+02    0.4078504E-01
   0.5260000E+02    0.4368264E-01
   0.5270000E+02    0.4556306E-01
   0.5280000E+02    0.4666240E-01
   0.5290000E+02    0.4711228E-01
   0.5300000E+02    0.4686110E-01
   0.5310000E+02    0.4570676E-01
   0.5320000E+02    0.4338855E-01
   0.5330000E+02    0.3971882E-01
   0.5340000E+02    0.3470138E-01
   0.5350000E+02    0.2860595E-01
   0.5360000E+02    0.2195083E-01
   0.5370000E+02    0.1541759E-01
   0.5380000E+02    0.9690255E-02
   0.5390000E+02    0.5280504E-02
   0.5400000E+02    0.2372645E-02
   0.5410000E+02    0.7473718E-03
   0.5420000E+02   -0.2009106E-03
   0.5430000E+02   -0.1330647E-02
   0.5440000E+02   -0.3559866E-02
   0.5450000E+02   -0.7617555E-02
   0.5460000E+02   -0.1383558E-01
   0.5470000E+02   -0.2201593E-01
   0.5480000E+02   -0.3141928E-01
   0.5490000E+02   -0.4088450E-01
   0.5500000E+02   -0.4905908E-01
   0.5510000E+02   -0.5469160E-01
   0.5520000E+02   -0.5692124E-01
   0.5530000E+02   -0.5549006E-01
   0.5540000E+02   -0.5084298E-01
   0.5550000E+02   -0.4405439E-01
   0.5560000E+02   -0.3662896E-01
   0.5570000E+02   -0.3018991E-01
   0.5580000E+02   -0.2613575E-01
   0.5590000E+02   -0.2534107E-01
   0.5600000E+02   -0.2796108E-01
   0.5610000E+02   -0.3340476E-01
   0.5620000E+02   -0.4046208E-01
   0.5630000E+02   -0.4757879E-01
   0.5640000E+02   -0.5320023E-01
   0.5650000E+02   -0.5613032E-01
   0.5660000E+02   -0.5579165E-01
   0.5670000E+02   -0.5235713E-01
   0.5680000E+02   -0.4670641E-01
   0.5690000E+02   -0.4022093E-01
   0.5700000E+02   -0.3446437E-01
   0.5710000E+02   -0.3082184E-01
   0.5720000E+02   -0.3018071E-01
   0.5730000E+02   -0.3272709E-01
   0.5740000E+02   -0.3790482E-01
   0.5750000E+02   -0.4454663E-01
   0.5760000E+02   -0.5114724E-01
   0.5770000E+02   -0.5621516E-01
   0.5780000E+02   -0.5861639E-01
   0.5790000E+02   -0.5785776E-01
   0.5800000E+02   -0.5417008E-01
   0.5810000E+02   -0.4848638E-01
   0.5820000E+02   -0.4220933E-01
   0.5830000E+02   -0.3688505E-01
   0.5840000E+02   -0.3384340E-01
   0.5850000E+02   -0.3388230E-01
   0.5860000E+02   -0.3707813E-01
   0.5870000E+02   -0.4276334E-01
   0.5880000E+02   -0.4967959E-01
   0.5890000E+02   -0.5626012E-01
   0.5900000E+02   -0.6101143E-01
   0.5910000E+02   -0.6284801E-01
   0.5920000E+02   -0.6136088E-01
   0.5930000E+02   -0.5692093E-01
   0.5940000E+02   -0.5058842E-01
   0.5950000E+02   -0.4390933E-01
   0.5960000E+02   -0.3852430E-01
   0.5970000E+02   -0.3580744E-01
   0.5980000E+02   -0.3654140E-01
   0.5990000E+02   -0.4070737E-01
   0.6000000E+02   -0.4750100E-01
   0.6010000E+02   -0.5546851E-01
   0.6020000E+02   -0.6284256E-01
   0.6030000E+02   -0.6793189E-01
   0.6040000E+02   -0.6951025E-01
   0.6050000E+02   -0.6710589E-01
   0.6060000E+02   -0.6113747E-01
   0.6070000E+02   -0.5284906E-01
   0.6080000E+02   -0.4407193E-01
   0.6090000E+02   -0.3685162E-01
   0.6100000E+02   -0.3302923E-01
   0.6110000E+02   -0.3385439E-01
   0.6120000E+02   -0.3972242E-01
   0.6130000E+02   -0.5008295E-01
   0.6140000E+02   -0.6354134E-01
   0.6150000E+02   -0.7812609E-01
   0.6160000E+02   -0.9166796E-01
   0.6170000E+02   -0.1022053E+00
   0.6180000E+02   -0.1083411E+00
   0.6190000E+02   -0.1094726E+00
   0.6200000E+02   -0.1058487E+00
   0.6210000E+02   -0.9847017E-01
   0.6220000E+02   -0.8883781E-01
   0.6230000E+02   -0.7862329E-01
   0.6240000E+02   -0.6933234E-01
   0.6250000E+02   -0.6201656E-01
   0.6260000E+02   -0.5713494E-01
   0.6270000E+02   -0.5451133E-01
   0.6280000E+02   -0.5345989E-01
   0.6290000E+02   -0.5299929E-01
   0.6300000E+02   -0.5211411E-01
   0.6310000E+02   -0.4999941E-01
   0.6320000E+02   -0.4623475E-01
   0.6330000E+02   -0.4086006E-01
   0.6340000E+02   -0.3433105E-01
   0.6350000E+02   -0.2737849E-01
   0.6360000E+02   -0.2081548E-01
   0.6370000E+02   -0.1532627E-01
   0.6380000E+02   -0.1130401E-01
   0.6390000E+02   -0.8753627E-02
   0.6400000E+02   -0.7300070E-02
   0.6410000E+02   -0.6279116E-02
   0.6420000E+02   -0.4898453E-02
   0.6430000E+02   -0.2425391E-02
   0.6440000E+02    0.1639607E-02
   0.6450000E+02    0.7441347E-02
   0.6460000E+02    0.1472482E-01
   0.6470000E+02    0.2287387E-01
   0.6480000E+02    0.3102287E-01
   0.6490000E+02    0.3821640E-01
   0.6500000E+02    0.4358356E-01
   0.6510000E+02    0.4649346E-01
   0.6520000E+02    0.4666315E-01
   0.6530000E+02    0.4421224E-01
   0.6540000E+02    0.3961056E-01
   0.6550000E+02    0.3365593E-01
   0.6560000E+02    0.2730303E-01
   0.6570000E+02    0.2155699E-01
   0.6580000E+02    0.1732949E-01
   0.6590000E+02    0.1533608E-01
   0.6600000E+02    0.1601101E-01
   0.6610000E+02    0.1947020E-01
   0.6620000E+02    0.2550625E-01
   0.6630000E+02    0.3362138E-01
   0.6640000E+02    0.4308126E-01
   0.6650000E+02    0.5300299E-01
   0.6660000E+02    0.6245047E-01
   0.6670000E+02    0.7054929E-01
   0.6680000E+02    0.7658388E-01
   0.6690000E+02    0.8010485E-01
   0.6700000E+02    0.8099272E-01
   0.6710000E+02    0.7948885E-01
   0.6720000E+02    0.7616819E-01
   0.6730000E+02    0.7186929E-01
   0.6740000E+02    0.6755594E-01
   0.6750000E+02    0.6415507E-01
   0.6760000E+02    0.6238463E-01
   0.6770000E+02    0.6260174E-01
   0.6780000E+02    0.6468802E-01
   0.6790000E+02    0.6808169E-01
   0.6800000E+02    0.7178663E-01
   0.6810000E+02    0.7458802E-01
   0.6820000E+02    0.7525899E-01
   0.6830000E+02    0.7281774E-01
   0.6840000E+02    0.6674532E-01
   0.6850000E+02    0.5715764E-01
   0.6860000E+02    0.4482991E-01
   0.6870000E+02    0.3112132E-01
   0.6880000E+02    0.1776303E-01
   0.6890000E+02    0.6569679E-02
   0.6900000E+02   -0.8999308E-03
   0.6910000E+02   -0.3638358E-02
   0.6920000E+02   -0.1406488E-02
   0.6930000E+02    0.5192971E-02
   0.6940000E+02    0.1479364E-01
   0.6950000E+02    0.2548662E-01
   0.6960000E+02    0.3517366E-01
   0.6970000E+02    0.4192892E-01
   0.6980000E+02    0.4435652E-01
   0.6990000E+02    0.4184645E-01
   0.7000000E+02    0.3467283E-01
   0.7010000E+02    0.2393053E-01
   0.7020000E+02    0.1130989E-01
   0.7030000E+02   -0.1247543E-02
   0.7040000E+02   -0.1192953E-01
   0.7050000E+02   -0.1940985E-01
   0.7060000E+02   -0.2310446E-01
   0.7070000E+02   -0.2326281E-01
   0.7080000E+02   -0.2091225E-01
   0.7090000E+02   -0.1761748E-01
   0.7100000E+02   -0.1515630E-01
   0.7110000E+02   -0.1514183E-01
   0.7120000E+02   -0.1868722E-01
   0.7130000E+02   -0.2617025E-01
   0.7140000E+02   -0.3715133E-01
   0.7150000E+02   -0.5044832E-01
   0.7160000E+02   -0.6436058E-01
   0.7170000E+02   -0.7698695E-01
   0.7180000E+02   -0.8657619E-01
   0.7190000E+02   -0.9183853E-01
   0.7200000E+02   -0.9216213E-01
   0.7210000E+02   -0.8768808E-01
   0.7220000E+02   -0.7924944E-01
   0.7230000E+02   -0.6818033E-01
   0.7240000E+02   -0.5604618E-01
   0.7250000E+02   -0.4435124E-01
   0.7260000E+02   -0.3428317E-01
   0.7270000E+02   -0.2653811E-01
   0.7280000E+02   -0.2125055E-01
   0.7290000E+02   -0.1805736E-01
   0.7300000E+02   -0.1622543E-01
   0.7310000E+02   -0.1485706E-01
   0.7320000E+02   -0.1309639E-01
   0.7330000E+02   -0.1030080E-01
   0.7340000E+02   -0.6153337E-02
   0.7350000E+02   -0.6722341E-03
   0.7360000E+02    0.5819664E-02
   0.7370000E+02    0.1282956E-01
   0.7380000E+02    0.1982327E-01
   0.7390000E+02    0.2635974E-01
   0.7400000E+02    0.3218677E-01
   0.7410000E+02    0.3728160E-01
   0.7420000E+02    0.4183138E-01
   0.7430000E+02    0.4616569E-01
   0.7440000E+02    0.5065119E-01
   0.7450000E+02    0.5559164E-01
   0.7460000E+02    0.6113307E-01
   0.7470000E+02    0.6723114E-01
   0.7480000E+02    0.7361357E-01
   0.7490000E+02    0.7985301E-01
   0.7500000E+02    0.8542473E-01
   0.7510000E+02    0.8980250E-01
   0.7520000E+02    0.9255050E-01
   0.7530000E+02    0.9340192E-01
   0.7540000E+02    0.9230335E-01
   0.7550000E+02    0.8943838E-01
   0.7560000E+02    0.8520293E-01
   0.7570000E+02    0.8016785E-01
   0.7580000E+02    0.7501087E-01
   0.7590000E+02    0.7043879E-01
   0.7600000E+02    0.6710531E-01
   0.7610000E+02    0.6552833E-01
   0.7620000E+02    0.6601759E-01
   0.7630000E+02    0.6861700E-01
   0.7640000E+02    0.7306986E-01
   0.7650000E+02    0.7881903E-01
   0.7660000E+02    0.8503770E-01
   0.7670000E+02    0.9069720E-01
   0.7680000E+02    0.9470380E-01
   0.7690000E+02    0.9601966E-01
   0.7700000E+02    0.9381774E-01
   0.7710000E+02    0.8763305E-01
   0.7720000E+02    0.7746023E-01
   0.7730000E+02    0.6379924E-01
   0.7740000E+02    0.4762019E-01
   0.7750000E+02    0.3025166E-01
   0.7760000E+02    0.1320014E-01
   0.7770000E+02   -0.2075021E-02
   0.7780000E+02   -0.1439024E-01
   0.7790000E+02   -0.2302229E-01
   0.7800000E+02   -0.2785314E-01
   0.7810000E+02   -0.2934135E-01
   0.7820000E+02   -0.2847205E-01
   0.7830000E+02   -0.2654762E-01
   0.7840000E+02   -0.2494414E-01
   0.7850000E+02   -0.2483961E-01
   0.7860000E+02   -0.2698646E-01
   0.7870000E+02   -0.3156194E-01
   0.7880000E+02   -0.3813774E-01
   0.7890000E+02   -0.4576382E-01
   0.7900000E+02   -0.5317961E-01
   0.7910000E+02   -0.5906971E-01
   0.7920000E+02   -0.6234731E-01
   0.7930000E+02   -0.6238979E-01
   0.7940000E+02   -0.5917946E-01
   0.7950000E+02   -0.5331851E-01
   0.7960000E+02   -0.4591255E-01
   0.7970000E+02   -0.3834870E-01
   0.7980000E+02   -0.3201567E-01
   0.7990000E+02   -0.2800830E-01
   0.8000000E+02   -0.2691776E-01
   0.8010000E+02   -0.2870345E-01
   0.8020000E+02   -0.3271460E-01
   0.8030000E+02   -0.3783730E-01
   0.8040000E+02   -0.4274115E-01
   0.8050000E+02   -0.4616871E-01
   0.8060000E+02   -0.4721400E-01
   0.8070000E+02   -0.4551173E-01
   0.8080000E+02   -0.4131819E-01
   0.8090000E+02   -0.3544375E-01
   0.8100000E+02   -0.2906833E-01
   0.8110000E+02   -0.2347214E-01
   0.8120000E+02   -0.1974490E-01
   0.8130000E+02   -0.1853636E-01
   0.8140000E+02   -0.1990990E-01
   0.8150000E+02   -0.2332739E-01
   0.8160000E+02   -0.2777006E-01
   0.8170000E+02   -0.3197489E-01
   0.8180000E+02   -0.3473648E-01
   0.8190000E+02   -0.3518873E-01
   0.8200000E+02   -0.3302587E-01
   0.8210000E+02   -0.2859452E-01
   0.8220000E+02   -0.2283771E-01
   0.8230000E+02   -0.1709809E-01
   0.8240000E+02   -0.1282002E-01
   0.8250000E+02   -0.1121252E-01
   0.8260000E+02   -0.1294924E-01
   0.8270000E+02   -0.1796864E-01
   0.8280000E+02   -0.2542749E-01
   0.8290000E+02   -0.3381853E-01
   0.8300000E+02   -0.4124180E-01
   0.8310000E+02   -0.4576899E-01
   0.8320000E+02   -0.4583816E-01
   0.8330000E+02   -0.4059364E-01
   0.8340000E+02   -0.3010215E-01
   0.8350000E+02   -0.1540032E-01
   0.8360000E+02    0.1646455E-02
   0.8370000E+02    0.1863989E-01
   0.8380000E+02    0.3305564E-01
   0.8390000E+02    0.4267823E-01
   0.8400000E+02    0.4598777E-01
   0.8410000E+02    0.4241761E-01
   0.8420000E+02    0.3245120E-01
   0.8430000E+02    0.1752618E-01
   0.8440000E+02   -0.2174319E-03
   0.8450000E+02   -0.1830718E-01
   0.8460000E+02   -0.3435019E-01
   0.8470000E+02   -0.4640457E-01
   0.8480000E+02   -0.5326392E-01
   0.8490000E+02   -0.5457808E-01
   0.8500000E+02   -0.5084174E-01
   0.8510000E+02   -0.4320914E-01
   0.8520000E+02   -0.3323715E-01
   0.8530000E+02   -0.2256098E-01
   0.8540000E+02   -0.1261519E-01
   0.8550000E+02   -0.4403561E-02
   0.8560000E+02    0.1603447E-02
   0.8570000E+02    0.5459594E-02
   0.8580000E+02    0.7628265E-02
   0.8590000E+02    0.8783517E-02
   0.8600000E+02    0.9629234E-02
   0.8610000E+02    0.1068723E-01
   0.8620000E+02    0.1219163E-01
   0.8630000E+02    0.1405678E-01
   0.8640000E+02    0.1593223E-01
   0.8650000E+02    0.1733243E-01
   0.8660000E+02    0.1780054E-01
   0.8670000E+02    0.1706955E-01
   0.8680000E+02    0.1517628E-01
   0.8690000E+02    0.1251987E-01
   0.8700000E+02    0.9786231E-02
   0.8710000E+02    0.7858962E-02
   0.8720000E+02    0.7619746E-02
   0.8730000E+02    0.9751438E-02
   0.8740000E+02    0.1455548E-01
   0.8750000E+02    0.2184777E-01
   0.8760000E+02    0.3088690E-01
   0.8770000E+02    0.4049060E-01
   0.8780000E+02    0.4915398E-01
   0.8790000E+02    0.5530162E-01
   0.8800000E+02    0.5753775E-01
   0.8810000E+02    0.5488500E-01
   0.8820000E+02    0.4697689E-01
   0.8830000E+02    0.3414563E-01
   0.8840000E+02    0.1741578E-01
   0.8850000E+02   -0.1630078E-02
   0.8860000E+02   -0.2106373E-01
   0.8870000E+02   -0.3888756E-01
   0.8880000E+02   -0.5332367E-01
   0.8890000E+02   -0.6306938E-01
   0.8900000E+02   -0.6748158E-01
   0.8910000E+02   -0.6665459E-01
   0.8920000E+02   -0.6138520E-01
   0.8930000E+02   -0.5302440E-01
   0.8940000E+02   -0.4326634E-01
   0.8950000E+02   -0.3384135E-01
   0.8960000E+02   -0.2627272E-01
   0.8970000E+02   -0.2161855E-01
   0.8980000E+02   -0.2036018E-01
   0.8990000E+02   -0.2232272E-01
   0.9000000E+02   -0.2676089E-01
   0.9010000E+02   -0.3251775E-01
   0.9020000E+02   -0.3825303E-01
   0.9030000E+02   -0.4269531E-01
   0.9040000E+02   -0.4487731E-01
   0.9050000E+02   -0.4428469E-01
   0.9060000E+02   -0.4097520E-01
   0.9070000E+02   -0.3551623E-01
   0.9080000E+02   -0.2887818E-01
   0.9090000E+02   -0.2224133E-01
   0.9100000E+02   -0.1676831E-01
   0.9110000E+02   -0.1337975E-01
   0.9120000E+02   -0.1258478E-01
   0.9130000E+02   -0.1438906E-01
   0.9140000E+02   -0.1829904E-01
   0.9150000E+02   -0.2341880E-01
   0.9160000E+02   -0.2862112E-01
   0.9170000E+02   -0.3275237E-01
   0.9180000E+02   -0.3484603E-01
   0.9190000E+02   -0.3428321E-01
   0.9200000E+02   -0.3089165E-01
   0.9210000E+02   -0.2495533E-01
   0.9220000E+02   -0.1713966E-01
   0.9230000E+02   -0.8352368E-02
   0.9240000E+02    0.4284290E-03
   0.9250000E+02    0.8339147E-02
   0.9260000E+02    0.1475383E-01
   0.9270000E+02    0.1937360E-01
   0.9280000E+02    0.2222854E-01
   0.9290000E+02    0.2362830E-01
   0.9300000E+02    0.2401405E-01
   0.9310000E+02    0.2388882E-01
   0.9320000E+02    0.2364482E-01
   0.9330000E+02    0.2350467E-01
   0.9340000E+02    0.2349163E-01
   0.9350000E+02    0.2344813E-01
   0.9360000E+02    0.2313336E-01
   0.9370000E+02    0.2231187E-01
   0.9380000E+02    0.2085205E-01
   0.9390000E+02    0.1880781E-01
   0.9400000E+02    0.1643136E-01
   0.9410000E+02    0.1414151E-01
   0.9420000E+02    0.1243544E-01
   0.9430000E+02    0.1176897E-01
   0.9440000E+02    0.1243529E-01
   0.9450000E+02    0.1446547E-01
   0.9460000E+02    0.1758152E-01
   0.9470000E+02    0.2121472E-01
   0.9480000E+02    0.2459271E-01
   0.9490000E+02    0.2686947E-01
   0.9500000E+02    0.2729047E-01
   0.9510000E+02    0.2534528E-01
   0.9520000E+02    0.2088020E-01
   0.9530000E+02    0.1414751E-01
   0.9540000E+02    0.5778186E-02
   0.9550000E+02   -0.3317610E-02
   0.9560000E+02   -0.1210414E-01
   0.9570000E+02   -0.1959427E-01
   0.9580000E+02   -0.2502057E-01
   0.9590000E+02   -0.2795320E-01
   0.9600000E+02   -0.2835980E-01
   0.9610000E+02   -0.2658253E-01
   0.9620000E+02   -0.2327420E-01
   0.9630000E+02   -0.1921756E-01
   0.9640000E+02   -0.1521157E-01
   0.9650000E+02   -0.1190988E-01
   0.9660000E+02   -0.9718319E-02
   0.9670000E+02   -0.8745491E-02
   0.9680000E+02   -0.8825728E-02
   0.9690000E+02   -0.9584099E-02
   0.9700000E+02   -0.1055030E-01
   0.9710000E+02   -0.1127090E-01
   0.9720000E+02   -0.1141243E-01
   0.9730000E+02   -0.1082461E-01
   0.9740000E+02   -0.9555638E-02
   0.9750000E+02   -0.7819573E-02
   0.9760000E+02   -0.5927289E-02
   0.9770000E+02   -0.4198091E-02
   0.9780000E+02   -0.2880742E-02
   0.9790000E+02   -0.2086305E-02
   0.9800000E+02   -0.1778312E-02
   0.9810000E+02   -0.1780416E-02
   0.9820000E+02   -0.1831298E-02
   0.9830000E+02   -0.1659608E-02
   0.9840000E+02   -0.1060269E-02
   0.9850000E+02    0.7109288E-04
   0.9860000E+02    0.1668823E-02
   0.9870000E+02    0.3549704E-02
   0.9880000E+02    0.5429366E-02
   0.9890000E+02    0.7006834E-02
   0.9900000E+02    0.8010959E-02
   0.9910000E+02    0.8285656E-02
   0.9920000E+02    0.7805594E-02
   0.9930000E+02    0.6713535E-02
   0.9940000E+02    0.5235776E-02
   0.9950000E+02    0.3677378E-02
   0.9960000E+02    0.2331949E-02
   0.9970000E+02    0.1425548E-02
   0.9980000E+02    0.1064577E-02
   0.9990000E+02    0.1223640E-02
   0.1000000E+03    0.1761132E-02
