   0.0000000E+00    0.1000000E+01
   0.1000000E+01    0.5235635E+00
   0.2000000E+01    0.2544688E+00
   0.3000000E+01   -0.6628531E-02
   0.4000000E+01   -0.1071480E+00
   0.5000000E+01   -0.2098425E+00
   0.6000000E+01   -0.1451120E+00
   0.7000000E+01   -0.3592592E-01
   0.8000000E+01   -0.9776933E-01
   0.9000000E+01   -0.4405177E-01
   0.1000000E+02   -0.9212579E-01
   0.1100000E+02   -0.8193049E-01
   0.1200000E+02   -0.1320789E+00
   0.1300000E+02   -0.6144891E-01
   0.1400000E+02   -0.3564153E-01
   0.1500000E+02   -0.8674126E-01
   0.1600000E+02   -0.9136326E-01
   0.1700000E+02   -0.3221888E-01
   0.1800000E+02   -0.1011068E+00
   0.1900000E+02   -0.1063920E+00
   0.2000000E+02   -0.2920954E-01
   0.2100000E+02   -0.1731197E-01
   0.2200000E+02    0.6291595E-01
   0.2300000E+02    0.1453720E+00
   0.2400000E+02    0.7346625E-01
   0.2500000E+02   -0.7082596E-01
   0.2600000E+02   -0.7609256E-01
   0.2700000E+02   -0.1360910E+00
   0.2800000E+02   -0.5098719E-01
   0.2900000E+02    0.3632905E-01
   0.3000000E+02    0.1074766E+00
   0.3100000E+02    0.2758224E-01
   0.3200000E+02   -0.5414716E-01
   0.3300000E+02    0.1955212E-01
   0.3400000E+02    0.1529989E-01
   0.3500000E+02    0.9184773E-01
   0.3600000E+02    0.8790010E-01
   0.3700000E+02    0.2514804E+00
   0.3800000E+02    0.1646397E+00
   0.3900000E+02    0.1621265E+00
   0.4000000E+02    0.9358671E-01
   0.4100000E+02   -0.8859556E-01
   0.4200000E+02   -0.9548332E-01
   0.4300000E+02   -0.1029534E+00
   0.4400000E+02   -0.1675362E-01
   0.4500000E+02   -0.1193282E+00
   0.4600000E+02   -0.3020685E-01
   0.4700000E+02    0.6238552E-01
   0.4800000E+02   -0.1840185E-01
   0.4900000E+02   -0.7667336E-01
   0.5000000E+02   -0.3229902E-01
   0.5100000E+02    0.1209417E+00
   0.5200000E+02    0.6098377E-01
   0.5300000E+02    0.1103671E+00
   0.5400000E+02    0.1952504E-01
   0.5500000E+02   -0.1037073E+00
   0.5600000E+02   -0.1129834E+00
   0.5700000E+02   -0.1221972E+00
   0.5800000E+02   -0.1322807E+00
   0.5900000E+02   -0.1436640E+00
   0.6000000E+02   -0.1558964E+00
   0.6100000E+02   -0.1687925E+00
   0.6200000E+02   -0.2856576E+00
   0.6300000E+02   -0.1601555E+00
   0.6400000E+02   -0.2753028E-01
   0.6500000E+02    0.1125611E+00
   0.6600000E+02    0.1066278E+00
   0.6700000E+02    0.2578775E+00
   0.6800000E+02    0.2550152E+00
   0.6900000E+02    0.8407912E-01
   0.7000000E+02    0.7589871E-01
   0.7100000E+02   -0.1111113E+00
   0.7200000E+02   -0.3105070E+00
   0.7300000E+02   -0.9401426E-01
   0.7400000E+02    0.1387771E+00
   0.7500000E+02    0.3888322E+00
   0.7600000E+02    0.3905777E+00
   0.7700000E+02    0.3923319E+00
   0.7800000E+02   -0.7218156E-01
   0.7900000E+02   -0.2737771E+00
   0.8000000E+02   -0.2378965E+00
   0.8100000E+02   -0.1985418E+00
   0.8200000E+02   -0.1567321E+00
   0.8300000E+02   -0.1839419E+00
   0.8400000E+02    0.1008270E+00
   0.8500000E+02   -0.2500929E+00
   0.8600000E+02    0.6891045E-01
   0.8700000E+02    0.1459695E+00
   0.8800000E+02    0.3374196E+00
   0.8900000E+02   -0.4463010E+00
   0.9000000E+02   -0.3950136E+00
   0.9100000E+02   -0.3343842E+00
   0.9200000E+02   -0.2613339E+00
   0.9300000E+02    0.3348930E+00
   0.9400000E+02    0.3355735E+00
   0.9500000E+02    0.3378711E+00
   0.9600000E+02   -0.4692402E+00
   0.9700000E+02   -0.3353876E+00
   0.9800000E+02   -0.1131082E+00
   0.9900000E+02    0.3298819E+00
   0.1000000E+03    0.3289453E+00
