   0.0000000E+00    0.1000000E+01
   0.1000000E+00    0.9791452E+00
   0.2000000E+00    0.9177125E+00
   0.3000000E+00    0.8246097E+00
   0.4000000E+00    0.7129927E+00
   0.5000000E+00    0.5979378E+00
   0.6000000E+00    0.4938247E+00
   0.7000000E+00    0.4119317E+00
   0.8000000E+00    0.3586923E+00
   0.9000000E+00    0.3349186E+00
   0.1000000E+01    0.3361091E+00
   0.1100000E+01    0.3537301E+00
   0.1200000E+01    0.3771792E+00
   0.1300000E+01    0.3960101E+00
   0.1400000E+01    0.4019670E+00
   0.1500000E+01    0.3904259E+00
   0.1600000E+01    0.3610052E+00
   0.1700000E+01    0.3172437E+00
   0.1800000E+01    0.2654947E+00
   0.1900000E+01    0.2133060E+00
   0.2000000E+01    0.1676603E+00
   0.2100000E+01    0.1334650E+00
   0.2200000E+01    0.1126026E+00
   0.2300000E+01    0.1037189E+00
   0.2400000E+01    0.1027565E+00
   0.2500000E+01    0.1040793E+00
   0.2600000E+01    0.1019010E+00
   0.2700000E+01    0.9169523E-01
   0.2800000E+01    0.7125509E-01
   0.2900000E+01    0.4118161E-01
   0.3000000E+01    0.4705529E-02
   0.3100000E+01   -0.3309869E-01
   0.3200000E+01   -0.6651310E-01
   0.3300000E+01   -0.9051017E-01
   0.3400000E+01   -0.1019174E+00
   0.3500000E+01   -0.1001547E+00
   0.3600000E+01   -0.8738789E-01
   0.3700000E+01   -0.6807299E-01
   0.3800000E+01   -0.4800728E-01
   0.3900000E+01   -0.3309222E-01
   0.4000000E+01   -0.2809857E-01
   0.4100000E+01   -0.3568174E-01
   0.4200000E+01   -0.5586662E-01
   0.4300000E+01   -0.8609141E-01
   0.4400000E+01   -0.1217879E+00
   0.4500000E+01   -0.1573552E+00
   0.4600000E+01   -0.1873179E+00
   0.4700000E+01   -0.2074005E+00
   0.4800000E+01   -0.2153228E+00
   0.4900000E+01   -0.2111350E+00
   0.5000000E+01   -0.1970708E+00
   0.5100000E+01   -0.1769539E+00
   0.5200000E+01   -0.1553217E+00
   0.5300000E+01   -0.1364502E+00
   0.5400000E+01   -0.1235129E+00
   0.5500000E+01   -0.1180086E+00
   0.5600000E+01   -0.1195900E+00
   0.5700000E+01   -0.1262812E+00
   0.5800000E+01   -0.1350230E+00
   0.5900000E+01   -0.1423973E+00
   0.6000000E+01   -0.1453706E+00
   0.6100000E+01   -0.1418972E+00
   0.6200000E+01   -0.1312789E+00
   0.6300000E+01   -0.1142119E+00
   0.6400000E+01   -0.9256145E-01
   0.6500000E+01   -0.6891670E-01
   0.6600000E+01   -0.4607929E-01
   0.6700000E+01   -0.2654903E-01
   0.6800000E+01   -0.1215765E-01
   0.6900000E+01   -0.3875848E-02
   0.7000000E+01   -0.1816187E-02
   0.7100000E+01   -0.5385894E-02
   0.7200000E+01   -0.1353043E-01
   0.7300000E+01   -0.2498741E-01
   0.7400000E+01   -0.3848798E-01
   0.7500000E+01   -0.5287043E-01
   0.7600000E+01   -0.6710318E-01
   0.7700000E+01   -0.8023414E-01
   0.7800000E+01   -0.9135313E-01
   0.7900000E+01   -0.9954745E-01
   0.8000000E+01   -0.1039535E+00
   0.8100000E+01   -0.1038706E+00
   0.8200000E+01   -0.9892813E-01
   0.8300000E+01   -0.8925630E-01
   0.8400000E+01   -0.7561190E-01
   0.8500000E+01   -0.5937892E-01
   0.8600000E+01   -0.4246423E-01
   0.8700000E+01   -0.2703306E-01
   0.8800000E+01   -0.1517799E-01
   0.8900000E+01   -0.8540909E-02
   0.9000000E+01   -0.8006245E-02
   0.9100000E+01   -0.1351477E-01
   0.9200000E+01   -0.2405962E-01
   0.9300000E+01   -0.3786717E-01
   0.9400000E+01   -0.5273277E-01
   0.9500000E+01   -0.6644584E-01
   0.9600000E+01   -0.7719662E-01
   0.9700000E+01   -0.8390253E-01
   0.9800000E+01   -0.8635659E-01
   0.9900000E+01   -0.8518017E-01
   0.1000000E+02   -0.8160332E-01
   0.1010000E+02   -0.7710968E-01
   0.1020000E+02   -0.7305588E-01
   0.1030000E+02   -0.7034723E-01
   0.1040000E+02   -0.6925374E-01
   0.1050000E+02   -0.6940979E-01
   0.1060000E+02   -0.6999446E-01
   0.1070000E+02   -0.7004036E-01
   0.1080000E+02   -0.6880403E-01
   0.1090000E+02   -0.6604629E-01
   0.1100000E+02   -0.6222331E-01
   0.1110000E+02   -0.5844541E-01
   0.1120000E+02   -0.5625157E-01
   0.1130000E+02   -0.5722833E-01
   0.1140000E+02   -0.6256252E-01
   0.1150000E+02   -0.7264639E-01
   0.1160000E+02   -0.8682839E-01
   0.1170000E+02   -0.1033988E+00
   0.1180000E+02   -0.1198212E+00
   0.1190000E+02   -0.1332104E+00
   0.1200000E+02   -0.1408665E+00
   0.1210000E+02   -0.1409066E+00
   0.1220000E+02   -0.1326938E+00
   0.1230000E+02   -0.1170558E+00
   0.1240000E+02   -0.9619374E-01
   0.1250000E+02   -0.7329933E-01
   0.1260000E+02   -0.5194439E-01
   0.1270000E+02   -0.3537224E-01
   0.1280000E+02   -0.2583950E-01
   0.1290000E+02   -0.2414900E-01
   0.1300000E+02   -0.2949638E-01
   0.1310000E+02   -0.3963905E-01
   0.1320000E+02   -0.5138816E-01
   0.1330000E+02   -0.6130049E-01
   0.1340000E+02   -0.6643528E-01
   0.1350000E+02   -0.6500079E-01
   0.1360000E+02   -0.5675954E-01
   0.1370000E+02   -0.4309560E-01
   0.1380000E+02   -0.2672889E-01
   0.1390000E+02   -0.1113597E-01
   0.1400000E+02    0.1987083E-03
   0.1410000E+02    0.4539282E-02
   0.1420000E+02    0.4991347E-03
   0.1430000E+02   -0.1164461E-01
   0.1440000E+02   -0.2999261E-01
   0.1450000E+02   -0.5140496E-01
   0.1460000E+02   -0.7215790E-01
   0.1470000E+02   -0.8870816E-01
   0.1480000E+02   -0.9842682E-01
   0.1490000E+02   -0.1001266E+00
   0.1500000E+02   -0.9428768E-01
   0.1510000E+02   -0.8291946E-01
   0.1520000E+02   -0.6910721E-01
   0.1530000E+02   -0.5633350E-01
   0.1540000E+02   -0.4772489E-01
   0.1550000E+02   -0.4538374E-01
   0.1560000E+02   -0.4994631E-01
   0.1570000E+02   -0.6045208E-01
   0.1580000E+02   -0.7456162E-01
   0.1590000E+02   -0.8904834E-01
   0.1600000E+02   -0.1004804E+00
   0.1610000E+02   -0.1059344E+00
   0.1620000E+02   -0.1035970E+00
   0.1630000E+02   -0.9313503E-01
   0.1640000E+02   -0.7576358E-01
   0.1650000E+02   -0.5400673E-01
   0.1660000E+02   -0.3120893E-01
   0.1670000E+02   -0.1090507E-01
   0.1680000E+02    0.3830244E-02
   0.1690000E+02    0.1091289E-01
   0.1700000E+02    0.9570541E-02
   0.1710000E+02    0.4128551E-03
   0.1720000E+02   -0.1477181E-01
   0.1730000E+02   -0.3340330E-01
   0.1740000E+02   -0.5262319E-01
   0.1750000E+02   -0.6980640E-01
   0.1760000E+02   -0.8298691E-01
   0.1770000E+02   -0.9111989E-01
   0.1780000E+02   -0.9415071E-01
   0.1790000E+02   -0.9289778E-01
   0.1800000E+02   -0.8879059E-01
   0.1810000E+02   -0.8353201E-01
   0.1820000E+02   -0.7875320E-01
   0.1830000E+02   -0.7572689E-01
   0.1840000E+02   -0.7518172E-01
   0.1850000E+02   -0.7723556E-01
   0.1860000E+02   -0.8144074E-01
   0.1870000E+02   -0.8691504E-01
   0.1880000E+02   -0.9252215E-01
   0.1890000E+02   -0.9706482E-01
   0.1900000E+02   -0.9946059E-01
   0.1910000E+02   -0.9888089E-01
   0.1920000E+02   -0.9484653E-01
   0.1930000E+02   -0.8727445E-01
   0.1940000E+02   -0.7649610E-01
   0.1950000E+02   -0.6322508E-01
   0.1960000E+02   -0.4850315E-01
   0.1970000E+02   -0.3360364E-01
   0.1980000E+02   -0.1991074E-01
   0.1990000E+02   -0.8754813E-02
   0.2000000E+02   -0.1244866E-02
   0.2010000E+02    0.1916806E-02
   0.2020000E+02    0.5669698E-03
   0.2030000E+02   -0.4832092E-02
   0.2040000E+02   -0.1320239E-01
   0.2050000E+02   -0.2295979E-01
   0.2060000E+02   -0.3223084E-01
   0.2070000E+02   -0.3913638E-01
   0.2080000E+02   -0.4210376E-01
   0.2090000E+02   -0.4015691E-01
   0.2100000E+02   -0.3311142E-01
   0.2110000E+02   -0.2163619E-01
   0.2120000E+02   -0.7157194E-02
   0.2130000E+02    0.8395734E-02
   0.2140000E+02    0.2294898E-01
   0.2150000E+02    0.3466369E-01
   0.2160000E+02    0.4236364E-01
   0.2170000E+02    0.4572970E-01
   0.2180000E+02    0.4542185E-01
   0.2190000E+02    0.4293335E-01
   0.2200000E+02    0.4031964E-01
   0.2210000E+02    0.3975669E-01
   0.2220000E+02    0.4307782E-01
   0.2230000E+02    0.5135641E-01
   0.2240000E+02    0.6463168E-01
   0.2250000E+02    0.8184674E-01
   0.2260000E+02    0.1009921E+00
   0.2270000E+02    0.1194767E+00
   0.2280000E+02    0.1346072E+00
   0.2290000E+02    0.1441157E+00
   0.2300000E+02    0.1466025E+00
   0.2310000E+02    0.1418231E+00
   0.2320000E+02    0.1307393E+00
   0.2330000E+02    0.1153368E+00
   0.2340000E+02    0.9822049E-01
   0.2350000E+02    0.8210644E-01
   0.2360000E+02    0.6926612E-01
   0.2370000E+02    0.6107988E-01
   0.2380000E+02    0.5776088E-01
   0.2390000E+02    0.5832192E-01
   0.2400000E+02    0.6078781E-01
   0.2410000E+02    0.6261153E-01
   0.2420000E+02    0.6121230E-01
   0.2430000E+02    0.5451611E-01
   0.2440000E+02    0.4142373E-01
   0.2450000E+02    0.2205867E-01
   0.2460000E+02   -0.2199979E-02
   0.2470000E+02   -0.2893808E-01
   0.2480000E+02   -0.5510758E-01
   0.2490000E+02   -0.7760475E-01
   0.2500000E+02   -0.9377987E-01
   0.2510000E+02   -0.1019240E+00
   0.2520000E+02   -0.1015599E+00
   0.2530000E+02   -0.9351448E-01
   0.2540000E+02   -0.7976144E-01
   0.2550000E+02   -0.6307896E-01
   0.2560000E+02   -0.4656462E-01
   0.2570000E+02   -0.3313918E-01
   0.2580000E+02   -0.2508585E-01
   0.2590000E+02   -0.2372965E-01
   0.2600000E+02   -0.2928421E-01
   0.2610000E+02   -0.4090022E-01
   0.2620000E+02   -0.5687179E-01
   0.2630000E+02   -0.7497593E-01
   0.2640000E+02   -0.9284025E-01
   0.2650000E+02   -0.1083437E+00
   0.2660000E+02   -0.1198844E+00
   0.2670000E+02   -0.1265722E+00
   0.2680000E+02   -0.1282700E+00
   0.2690000E+02   -0.1255082E+00
   0.2700000E+02   -0.1193030E+00
   0.2710000E+02   -0.1109192E+00
   0.2720000E+02   -0.1016153E+00
   0.2730000E+02   -0.9243002E-01
   0.2740000E+02   -0.8404011E-01
   0.2750000E+02   -0.7669807E-01
   0.2760000E+02   -0.7026066E-01
   0.2770000E+02   -0.6429700E-01
   0.2780000E+02   -0.5823943E-01
   0.2790000E+02   -0.5155193E-01
   0.2800000E+02   -0.4387902E-01
   0.2810000E+02   -0.3514628E-01
   0.2820000E+02   -0.2559333E-01
   0.2830000E+02   -0.1573082E-01
   0.2840000E+02   -0.6236346E-02
   0.2850000E+02    0.2201957E-02
   0.2860000E+02    0.9049529E-02
   0.2870000E+02    0.1407050E-01
   0.2880000E+02    0.1742199E-01
   0.2890000E+02    0.1966375E-01
   0.2900000E+02    0.2168083E-01
   0.2910000E+02    0.2452876E-01
   0.2920000E+02    0.2921595E-01
   0.2930000E+02    0.3647346E-01
   0.2940000E+02    0.4654351E-01
   0.2950000E+02    0.5906666E-01
   0.2960000E+02    0.7304825E-01
   0.2970000E+02    0.8697842E-01
   0.2980000E+02    0.9905228E-01
   0.2990000E+02    0.1074744E+00
   0.3000000E+02    0.1108194E+00
   0.3010000E+02    0.1082809E+00
   0.3020000E+02    0.9991834E-01
   0.3030000E+02    0.8667988E-01
   0.3040000E+02    0.7028139E-01
   0.3050000E+02    0.5293390E-01
   0.3060000E+02    0.3693076E-01
   0.3070000E+02    0.2423160E-01
   0.3080000E+02    0.1607318E-01
   0.3090000E+02    0.1270226E-01
   0.3100000E+02    0.1331773E-01
   0.3110000E+02    0.1621716E-01
   0.3120000E+02    0.1913260E-01
   0.3130000E+02    0.1971217E-01
   0.3140000E+02    0.1603072E-01
   0.3150000E+02    0.7048556E-02
   0.3160000E+02   -0.7100500E-02
   0.3170000E+02   -0.2504807E-01
   0.3180000E+02   -0.4438515E-01
   0.3190000E+02   -0.6207901E-01
   0.3200000E+02   -0.7504526E-01
   0.3210000E+02   -0.8075007E-01
   0.3220000E+02   -0.7773597E-01
   0.3230000E+02   -0.6594681E-01
   0.3240000E+02   -0.4680356E-01
   0.3250000E+02   -0.2297515E-01
   0.3260000E+02    0.2078013E-02
   0.3270000E+02    0.2472781E-01
   0.3280000E+02    0.4183000E-01
   0.3290000E+02    0.5128454E-01
   0.3300000E+02    0.5238410E-01
   0.3310000E+02    0.4589346E-01
   0.3320000E+02    0.3384024E-01
   0.3330000E+02    0.1907038E-01
   0.3340000E+02    0.4664011E-02
   0.3350000E+02   -0.6666096E-02
   0.3360000E+02   -0.1306174E-01
   0.3370000E+02   -0.1380319E-01
   0.3380000E+02   -0.9335187E-02
   0.3390000E+02   -0.1046991E-02
   0.3400000E+02    0.9166989E-02
   0.3410000E+02    0.1937329E-01
   0.3420000E+02    0.2809041E-01
   0.3430000E+02    0.3460013E-01
   0.3440000E+02    0.3906470E-01
   0.3450000E+02    0.4239291E-01
   0.3460000E+02    0.4591761E-01
   0.3470000E+02    0.5095441E-01
   0.3480000E+02    0.5835404E-01
   0.3490000E+02    0.6818027E-01
   0.3500000E+02    0.7956385E-01
   0.3510000E+02    0.9082559E-01
   0.3520000E+02    0.9981077E-01
   0.3530000E+02    0.1043914E+00
   0.3540000E+02    0.1030076E+00
   0.3550000E+02    0.9513897E-01
   0.3560000E+02    0.8158212E-01
   0.3570000E+02    0.6445970E-01
   0.3580000E+02    0.4694676E-01
   0.3590000E+02    0.3274592E-01
   0.3600000E+02    0.2543573E-01
   0.3610000E+02    0.2777594E-01
   0.3620000E+02    0.4115272E-01
   0.3630000E+02    0.6525043E-01
   0.3640000E+02    0.9802734E-01
   0.3650000E+02    0.1360049E+00
   0.3660000E+02    0.1748093E+00
   0.3670000E+02    0.2098725E+00
   0.3680000E+02    0.2371736E+00
   0.3690000E+02    0.2538220E+00
   0.3700000E+02    0.2584932E+00
   0.3710000E+02    0.2515395E+00
   0.3720000E+02    0.2348428E+00
   0.3730000E+02    0.2114035E+00
   0.3740000E+02    0.1848286E+00
   0.3750000E+02    0.1587028E+00
   0.3760000E+02    0.1361034E+00
   0.3770000E+02    0.1192009E+00
   0.3780000E+02    0.1090798E+00
   0.3790000E+02    0.1057359E+00
   0.3800000E+02    0.1082595E+00
   0.3810000E+02    0.1151065E+00
   0.3820000E+02    0.1244207E+00
   0.3830000E+02    0.1343342E+00
   0.3840000E+02    0.1432013E+00
   0.3850000E+02    0.1497609E+00
   0.3860000E+02    0.1532027E+00
   0.3870000E+02    0.1531802E+00
   0.3880000E+02    0.1497758E+00
   0.3890000E+02    0.1434472E+00
   0.3900000E+02    0.1349561E+00
   0.3910000E+02    0.1252886E+00
   0.3920000E+02    0.1155541E+00
   0.3930000E+02    0.1068538E+00
   0.3940000E+02    0.1001263E+00
   0.3950000E+02    0.9597838E-01
   0.3960000E+02    0.9452066E-01
   0.3970000E+02    0.9526720E-01
   0.3980000E+02    0.9711349E-01
   0.3990000E+02    0.9843561E-01
   0.4000000E+02    0.9731493E-01
   0.4010000E+02    0.9186115E-01
   0.4020000E+02    0.8059061E-01
   0.4030000E+02    0.6277884E-01
   0.4040000E+02    0.3873283E-01
   0.4050000E+02    0.9846437E-02
   0.4060000E+02   -0.2148970E-01
   0.4070000E+02   -0.5222923E-01
   0.4080000E+02   -0.7916358E-01
   0.4090000E+02   -0.9947507E-01
   0.4100000E+02   -0.1112673E+00
   0.4110000E+02   -0.1139378E+00
   0.4120000E+02   -0.1083195E+00
   0.4130000E+02   -0.9654606E-01
   0.4140000E+02   -0.8165478E-01
   0.4150000E+02   -0.6701226E-01
   0.4160000E+02   -0.5566261E-01
   0.4170000E+02   -0.4974821E-01
   0.4180000E+02   -0.5012515E-01
   0.4190000E+02   -0.5625404E-01
   0.4200000E+02   -0.6638653E-01
   0.4210000E+02   -0.7802236E-01
   0.4220000E+02   -0.8851872E-01
   0.4230000E+02   -0.9570082E-01
   0.4240000E+02   -0.9836590E-01
   0.4250000E+02   -0.9652237E-01
   0.4260000E+02   -0.9132945E-01
   0.4270000E+02   -0.8473759E-01
   0.4280000E+02   -0.7892729E-01
   0.4290000E+02   -0.7566889E-01
   0.4300000E+02   -0.7578627E-01
   0.4310000E+02   -0.7883488E-01
   0.4320000E+02   -0.8313389E-01
   0.4330000E+02   -0.8612251E-01
   0.4340000E+02   -0.8500124E-01
   0.4350000E+02   -0.7748581E-01
   0.4360000E+02   -0.6255835E-01
   0.4370000E+02   -0.4092209E-01
   0.4380000E+02   -0.1511489E-01
   0.4390000E+02    0.1078607E-01
   0.4400000E+02    0.3190194E-01
   0.4410000E+02    0.4353212E-01
   0.4420000E+02    0.4218523E-01
   0.4430000E+02    0.2644605E-01
   0.4440000E+02   -0.2526773E-02
   0.4450000E+02   -0.4101873E-01
   0.4460000E+02   -0.8332025E-01
   0.4470000E+02   -0.1227186E+00
   0.4480000E+02   -0.1527627E+00
   0.4490000E+02   -0.1684966E+00
   0.4500000E+02   -0.1675035E+00
   0.4510000E+02   -0.1503640E+00
   0.4520000E+02   -0.1205923E+00
   0.4530000E+02   -0.8392601E-01
   0.4540000E+02   -0.4719626E-01
   0.4550000E+02   -0.1691361E-01
   0.4560000E+02    0.2041421E-02
   0.4570000E+02    0.7409337E-02
   0.4580000E+02   -0.1459190E-04
   0.4590000E+02   -0.1660071E-01
   0.4600000E+02   -0.3669926E-01
   0.4610000E+02   -0.5389493E-01
   0.4620000E+02   -0.6242438E-01
   0.4630000E+02   -0.5843909E-01
   0.4640000E+02   -0.4089189E-01
   0.4650000E+02   -0.1176230E-01
   0.4660000E+02    0.2431246E-01
   0.4670000E+02    0.6102640E-01
   0.4680000E+02    0.9172396E-01
   0.4690000E+02    0.1108121E+00
   0.4700000E+02    0.1149158E+00
   0.4710000E+02    0.1035834E+00
   0.4720000E+02    0.7933954E-01
   0.4730000E+02    0.4711531E-01
   0.4740000E+02    0.1316474E-01
   0.4750000E+02   -0.1627394E-01
   0.4760000E+02   -0.3629420E-01
   0.4770000E+02   -0.4431806E-01
   0.4780000E+02   -0.4056521E-01
   0.4790000E+02   -0.2789728E-01
   0.4800000E+02   -0.1108926E-01
   0.4810000E+02    0.4312507E-02
   0.4820000E+02    0.1327409E-01
   0.4830000E+02    0.1241725E-01
   0.4840000E+02    0.7748573E-03
   0.4850000E+02   -0.2002703E-01
   0.4860000E+02   -0.4615512E-01
   0.4870000E+02   -0.7246679E-01
   0.4880000E+02   -0.9368498E-01
   0.4890000E+02   -0.1055961E+00
   0.4900000E+02   -0.1059892E+00
   0.4910000E+02   -0.9514717E-01
   0.4920000E+02   -0.7573649E-01
   0.4930000E+02   -0.5221565E-01
   0.4940000E+02   -0.2978315E-01
   0.4950000E+02   -0.1317496E-01
   0.4960000E+02   -0.5636933E-02
   0.4970000E+02   -0.8090247E-02
   0.4980000E+02   -0.1901644E-01
   0.4990000E+02   -0.3469134E-01
   0.5000000E+02   -0.5004273E-01
   0.5010000E+02   -0.5975429E-01
   0.5020000E+02   -0.5944894E-01
   0.5030000E+02   -0.4664369E-01
   0.5040000E+02   -0.2134523E-01
   0.5050000E+02    0.1391988E-01
   0.5060000E+02    0.5456918E-01
   0.5070000E+02    0.9486249E-01
   0.5080000E+02    0.1290107E+00
   0.5090000E+02    0.1522746E+00
   0.5100000E+02    0.1618213E+00
   0.5110000E+02    0.1571713E+00
   0.5120000E+02    0.1401979E+00
   0.5130000E+02    0.1146118E+00
   0.5140000E+02    0.8519308E-01
   0.5150000E+02    0.5685070E-01
   0.5160000E+02    0.3373608E-01
   0.5170000E+02    0.1859931E-01
   0.5180000E+02    0.1248559E-01
   0.5190000E+02    0.1480120E-01
   0.5200000E+02    0.2369299E-01
   0.5210000E+02    0.3662204E-01
   0.5220000E+02    0.5097951E-01
   0.5230000E+02    0.6461193E-01
   0.5240000E+02    0.7611856E-01
   0.5250000E+02    0.8493380E-01
   0.5260000E+02    0.9115592E-01
   0.5270000E+02    0.9527680E-01
   0.5280000E+02    0.9777805E-01
   0.5290000E+02    0.9892600E-01
   0.5300000E+02    0.9860357E-01
   0.5310000E+02    0.9637543E-01
   0.5320000E+02    0.9167874E-01
   0.5330000E+02    0.8410065E-01
   0.5340000E+02    0.7363108E-01
   0.5350000E+02    0.6082529E-01
   0.5360000E+02    0.4677288E-01
   0.5370000E+02    0.3292127E-01
   0.5380000E+02    0.2073550E-01
   0.5390000E+02    0.1132337E-01
   0.5400000E+02    0.5098662E-02
   0.5410000E+02    0.1609479E-02
   0.5420000E+02   -0.4335890E-03
   0.5430000E+02   -0.2877844E-02
   0.5440000E+02   -0.7715590E-02
   0.5450000E+02   -0.1654566E-01
   0.5460000E+02   -0.3011623E-01
   0.5470000E+02   -0.4802612E-01
   0.5480000E+02   -0.6868717E-01
   0.5490000E+02   -0.8957342E-01
   0.5500000E+02   -0.1077167E+00
   0.5510000E+02   -0.1203454E+00
   0.5520000E+02   -0.1255250E+00
   0.5530000E+02   -0.1226367E+00
   0.5540000E+02   -0.1126127E+00
   0.5550000E+02   -0.9779106E-01
   0.5560000E+02   -0.8148733E-01
   0.5570000E+02   -0.6731083E-01
   0.5580000E+02   -0.5840069E-01
   0.5590000E+02   -0.5675052E-01
   0.5600000E+02   -0.6275710E-01
   0.5610000E+02   -0.7514212E-01
   0.5620000E+02   -0.9122031E-01
   0.5630000E+02   -0.1075047E+00
   0.5640000E+02   -0.1204759E+00
   0.5650000E+02   -0.1273969E+00
   0.5660000E+02   -0.1269134E+00
   0.5670000E+02   -0.1193695E+00
   0.5680000E+02   -0.1067273E+00
   0.5690000E+02   -0.9211596E-01
   0.5700000E+02   -0.7911141E-01
   0.5710000E+02   -0.7091129E-01
   0.5720000E+02   -0.6959479E-01
   0.5730000E+02   -0.7563928E-01
   0.5740000E+02   -0.8780703E-01
   0.5750000E+02   -0.1034301E+00
   0.5760000E+02   -0.1190293E+00
   0.5770000E+02   -0.1311254E+00
   0.5780000E+02   -0.1370429E+00
   0.5790000E+02   -0.1355832E+00
   0.5800000E+02   -0.1272367E+00
   0.5810000E+02   -0.1141521E+00
   0.5820000E+02   -0.9960613E-01
   0.5830000E+02   -0.8724567E-01
   0.5840000E+02   -0.8023904E-01
   0.5850000E+02   -0.8052030E-01
   0.5860000E+02   -0.8832292E-01
   0.5870000E+02   -0.1021063E+00
   0.5880000E+02   -0.1189014E+00
   0.5890000E+02   -0.1349708E+00
   0.5900000E+02   -0.1467180E+00
   0.5910000E+02   -0.1514952E+00
   0.5920000E+02   -0.1482643E+00
   0.5930000E+02   -0.1378661E+00
   0.5940000E+02   -0.1228228E+00
   0.5950000E+02   -0.1068637E+00
   0.5960000E+02   -0.9398440E-01
   0.5970000E+02   -0.8756784E-01
   0.5980000E+02   -0.8957965E-01
   0.5990000E+02   -0.1000351E+00
   0.6000000E+02   -0.1170147E+00
   0.6010000E+02   -0.1369760E+00
   0.6020000E+02   -0.1555661E+00
   0.6030000E+02   -0.1685779E+00
   0.6040000E+02   -0.1729196E+00
   0.6050000E+02   -0.1673505E+00
   0.6060000E+02   -0.1528437E+00
   0.6070000E+02   -0.1324505E+00
   0.6080000E+02   -0.1107280E+00
   0.6090000E+02   -0.9281830E-01
   0.6100000E+02   -0.8339881E-01
   0.6110000E+02   -0.8569658E-01
   0.6120000E+02   -0.1008031E+00
   0.6130000E+02   -0.1274151E+00
   0.6140000E+02   -0.1620625E+00
   0.6150000E+02   -0.1997654E+00
   0.6160000E+02   -0.2349864E+00
   0.6170000E+02   -0.2626649E+00
   0.6180000E+02   -0.2791442E+00
   0.6190000E+02   -0.2827810E+00
   0.6200000E+02   -0.2741210E+00
   0.6210000E+02   -0.2556680E+00
   0.6220000E+02   -0.2312531E+00
   0.6230000E+02   -0.2051926E+00
   0.6240000E+02   -0.1814136E+00
   0.6250000E+02   -0.1626928E+00
   0.6260000E+02   -0.1502768E+00
   0.6270000E+02   -0.1437505E+00
   0.6280000E+02   -0.1413468E+00
   0.6290000E+02   -0.1404968E+00
   0.6300000E+02   -0.1385138E+00
   0.6310000E+02   -0.1332438E+00
   0.6320000E+02   -0.1235373E+00
   0.6330000E+02   -0.1094659E+00
   0.6340000E+02   -0.9221903E-01
   0.6350000E+02   -0.7373941E-01
   0.6360000E+02   -0.5621292E-01
   0.6370000E+02   -0.4150009E-01
   0.6380000E+02   -0.3069099E-01
   0.6390000E+02   -0.2383063E-01
   0.6400000E+02   -0.1992722E-01
   0.6410000E+02   -0.1718674E-01
   0.6420000E+02   -0.1344412E-01
   0.6430000E+02   -0.6674782E-02
   0.6440000E+02    0.4524598E-02
   0.6450000E+02    0.2059112E-01
   0.6460000E+02    0.4085732E-01
   0.6470000E+02    0.6364355E-01
   0.6480000E+02    0.8655552E-01
   0.6490000E+02    0.1069212E+00
   0.6500000E+02    0.1222761E+00
   0.6510000E+02    0.1308033E+00
   0.6520000E+02    0.1316474E+00
   0.6530000E+02    0.1250822E+00
   0.6540000E+02    0.1123783E+00
   0.6550000E+02    0.9575348E-01
   0.6560000E+02    0.7789848E-01
   0.6570000E+02    0.6167864E-01
   0.6580000E+02    0.4972382E-01
   0.6590000E+02    0.4412947E-01
   0.6600000E+02    0.4620320E-01
   0.6610000E+02    0.5634643E-01
   0.6620000E+02    0.7402675E-01
   0.6630000E+02    0.9786049E-01
   0.6640000E+02    0.1257574E+00
   0.6650000E+02    0.1551682E+00
   0.6660000E+02    0.1833575E+00
   0.6670000E+02    0.2077399E+00
   0.6680000E+02    0.2261688E+00
   0.6690000E+02    0.2372607E+00
   0.6700000E+02    0.2405960E+00
   0.6710000E+02    0.2368252E+00
   0.6720000E+02    0.2276032E+00
   0.6730000E+02    0.2153946E+00
   0.6740000E+02    0.2030699E+00
   0.6750000E+02    0.1934227E+00
   0.6760000E+02    0.1886481E+00
   0.6770000E+02    0.1898731E+00
   0.6780000E+02    0.1967919E+00
   0.6790000E+02    0.2077417E+00
   0.6800000E+02    0.2197106E+00
   0.6810000E+02    0.2289784E+00
   0.6820000E+02    0.2317426E+00
   0.6830000E+02    0.2249110E+00
   0.6840000E+02    0.2067877E+00
   0.6850000E+02    0.1776284E+00
   0.6860000E+02    0.1397476E+00
   0.6870000E+02    0.9731434E-01
   0.6880000E+02    0.5571635E-01
   0.6890000E+02    0.2067095E-01
   0.6900000E+02   -0.2840407E-02
   0.6910000E+02   -0.1151957E-01
   0.6920000E+02   -0.4467148E-02
   0.6930000E+02    0.1654543E-01
   0.6940000E+02    0.4728347E-01
   0.6950000E+02    0.8171901E-01
   0.6960000E+02    0.1131382E+00
   0.6970000E+02    0.1352978E+00
   0.6980000E+02    0.1435900E+00
   0.6990000E+02    0.1359000E+00
   0.7000000E+02    0.1129663E+00
   0.7010000E+02    0.7821954E-01
   0.7020000E+02    0.3708762E-01
   0.7030000E+02   -0.4104293E-02
   0.7040000E+02   -0.3937524E-01
   0.7050000E+02   -0.6427525E-01
   0.7060000E+02   -0.7676153E-01
   0.7070000E+02   -0.7754269E-01
   0.7080000E+02   -0.6993831E-01
   0.7090000E+02   -0.5911512E-01
   0.7100000E+02   -0.5102621E-01
   0.7110000E+02   -0.5114800E-01
   0.7120000E+02   -0.6333589E-01
   0.7130000E+02   -0.8899646E-01
   0.7140000E+02   -0.1267664E+00
   0.7150000E+02   -0.1727214E+00
   0.7160000E+02   -0.2211027E+00
   0.7170000E+02   -0.2653816E+00
   0.7180000E+02   -0.2994587E+00
   0.7190000E+02   -0.3187523E+00
   0.7200000E+02   -0.3209784E+00
   0.7210000E+02   -0.3064531E+00
   0.7220000E+02   -0.2779234E+00
   0.7230000E+02   -0.2399378E+00
   0.7240000E+02   -0.1979253E+00
   0.7250000E+02   -0.1571746E+00
   0.7260000E+02   -0.1219225E+00
   0.7270000E+02   -0.9471198E-01
   0.7280000E+02   -0.7611012E-01
   0.7290000E+02   -0.6490368E-01
   0.7300000E+02   -0.5852743E-01
   0.7310000E+02   -0.5378361E-01
   0.7320000E+02   -0.4758040E-01
   0.7330000E+02   -0.3755888E-01
   0.7340000E+02   -0.2251765E-01
   0.7350000E+02   -0.2468932E-02
   0.7360000E+02    0.2145205E-01
   0.7370000E+02    0.4746467E-01
   0.7380000E+02    0.7360847E-01
   0.7390000E+02    0.9824110E-01
   0.7400000E+02    0.1204024E+00
   0.7410000E+02    0.1399793E+00
   0.7420000E+02    0.1576481E+00
   0.7430000E+02    0.1746343E+00
   0.7440000E+02    0.1923222E+00
   0.7450000E+02    0.2118776E+00
   0.7460000E+02    0.2338803E+00
   0.7470000E+02    0.2581880E+00
   0.7480000E+02    0.2837775E+00
   0.7490000E+02    0.3090097E+00
   0.7500000E+02    0.3318422E+00
   0.7510000E+02    0.3501951E+00
   0.7520000E+02    0.3623101E+00
   0.7530000E+02    0.3670659E+00
   0.7540000E+02    0.3641656E+00
   0.7550000E+02    0.3542461E+00
   0.7560000E+02    0.3387990E+00
   0.7570000E+02    0.3200377E+00
   0.7580000E+02    0.3006388E+00
   0.7590000E+02    0.2834390E+00
   0.7600000E+02    0.2711055E+00
   0.7610000E+02    0.2657977E+00
   0.7620000E+02    0.2688620E+00
   0.7630000E+02    0.2805796E+00
   0.7640000E+02    0.3000023E+00
   0.7650000E+02    0.3249274E+00
   0.7660000E+02    0.3520003E+00
   0.7670000E+02    0.3769719E+00
   0.7680000E+02    0.3952514E+00
   0.7690000E+02    0.4024060E+00
   0.7700000E+02    0.3948163E+00
   0.7710000E+02    0.3703321E+00
   0.7720000E+02    0.3287178E+00
   0.7730000E+02    0.2718871E+00
   0.7740000E+02    0.2037983E+00
   0.7750000E+02    0.1300178E+00
   0.7760000E+02    0.5697494E-01
   0.7770000E+02   -0.8994728E-02
   0.7780000E+02   -0.6264715E-01
   0.7790000E+02   -0.1006602E+00
   0.7800000E+02   -0.1223116E+00
   0.7810000E+02   -0.1294094E+00
   0.7820000E+02   -0.1261262E+00
   0.7830000E+02   -0.1181194E+00
   0.7840000E+02   -0.1114760E+00
   0.7850000E+02   -0.1115023E+00
   0.7860000E+02   -0.1216800E+00
   0.7870000E+02   -0.1429487E+00
   0.7880000E+02   -0.1735095E+00
   0.7890000E+02   -0.2091469E+00
   0.7900000E+02   -0.2441427E+00
   0.7910000E+02   -0.2724219E+00
   0.7920000E+02   -0.2888568E+00
   0.7930000E+02   -0.2903857E+00
   0.7940000E+02   -0.2767188E+00
   0.7950000E+02   -0.2504730E+00
   0.7960000E+02   -0.2166901E+00
   0.7970000E+02   -0.1818412E+00
   0.7980000E+02   -0.1525275E+00
   0.7990000E+02   -0.1340682E+00
   0.8000000E+02   -0.1294616E+00
   0.8010000E+02   -0.1387105E+00
   0.8020000E+02   -0.1588545E+00
   0.8030000E+02   -0.1846168E+00
   0.8040000E+02   -0.2095561E+00
   0.8050000E+02   -0.2274653E+00
   0.8060000E+02   -0.2337556E+00
   0.8070000E+02   -0.2264377E+00
   0.8080000E+02   -0.2065910E+00
   0.8090000E+02   -0.1781005E+00
   0.8100000E+02   -0.1467950E+00
   0.8110000E+02   -0.1191300E+00
   0.8120000E+02   -0.1007189E+00
   0.8130000E+02   -0.9503415E-01
   0.8140000E+02   -0.1025969E+00
   0.8150000E+02   -0.1208239E+00
   0.8160000E+02   -0.1445761E+00
   0.8170000E+02   -0.1673297E+00
   0.8180000E+02   -0.1827284E+00
   0.8190000E+02   -0.1860765E+00
   0.8200000E+02   -0.1755586E+00
   0.8210000E+02   -0.1528067E+00
   0.8220000E+02   -0.1226920E+00
   0.8230000E+02   -0.9234800E-01
   0.8240000E+02   -0.6961411E-01
   0.8250000E+02   -0.6121432E-01
   0.8260000E+02   -0.7108007E-01
   0.8270000E+02   -0.9917117E-01
   0.8280000E+02   -0.1411086E+00
   0.8290000E+02   -0.1887111E+00
   0.8300000E+02   -0.2314123E+00
   0.8310000E+02   -0.2582496E+00
   0.8320000E+02   -0.2600930E+00
   0.8330000E+02   -0.2316360E+00
   0.8340000E+02   -0.1727453E+00
   0.8350000E+02   -0.8888182E-01
   0.8360000E+02    0.9557012E-02
   0.8370000E+02    0.1088225E+00
   0.8380000E+02    0.1941058E+00
   0.8390000E+02    0.2520761E+00
   0.8400000E+02    0.2732214E+00
   0.8410000E+02    0.2535017E+00
   0.8420000E+02    0.1950936E+00
   0.8430000E+02    0.1059966E+00
   0.8440000E+02   -0.1322929E-02
   0.8450000E+02   -0.1120621E+00
   0.8460000E+02   -0.2115469E+00
   0.8470000E+02   -0.2875375E+00
   0.8480000E+02   -0.3320775E+00
   0.8490000E+02   -0.3423842E+00
   0.8500000E+02   -0.3209385E+00
   0.8510000E+02   -0.2744732E+00
   0.8520000E+02   -0.2124653E+00
   0.8530000E+02   -0.1451375E+00
   0.8540000E+02   -0.8167528E-01
   0.8550000E+02   -0.2869417E-01
   0.8560000E+02    0.1051611E-01
   0.8570000E+02    0.3604046E-01
   0.8580000E+02    0.5068781E-01
   0.8590000E+02    0.5875068E-01
   0.8600000E+02    0.6483684E-01
   0.8610000E+02    0.7244366E-01
   0.8620000E+02    0.8319961E-01
   0.8630000E+02    0.9658059E-01
   0.8640000E+02    0.1102161E+00
   0.8650000E+02    0.1207294E+00
   0.8660000E+02    0.1248510E+00
   0.8670000E+02    0.1205612E+00
   0.8680000E+02    0.1079440E+00
   0.8690000E+02    0.8968134E-01
   0.8700000E+02    0.7060067E-01
   0.8710000E+02    0.5710469E-01
   0.8720000E+02    0.5576771E-01
   0.8730000E+02    0.7189016E-01
   0.8740000E+02    0.1080959E+00
   0.8750000E+02    0.1634537E+00
   0.8760000E+02    0.2328043E+00
   0.8770000E+02    0.3074850E+00
   0.8780000E+02    0.3761024E+00
   0.8790000E+02    0.4263713E+00
   0.8800000E+02    0.4470240E+00
   0.8810000E+02    0.4297198E+00
   0.8820000E+02    0.3706770E+00
   0.8830000E+02    0.2715518E+00
   0.8840000E+02    0.1396027E+00
   0.8850000E+02   -0.1317103E-01
   0.8860000E+02   -0.1715675E+00
   0.8870000E+02   -0.3193206E+00
   0.8880000E+02   -0.4414500E+00
   0.8890000E+02   -0.5264469E+00
   0.8900000E+02   -0.5679700E+00
   0.8910000E+02   -0.5657238E+00
   0.8920000E+02   -0.5254157E+00
   0.8930000E+02   -0.4577320E+00
   0.8940000E+02   -0.3767156E+00
   0.8950000E+02   -0.2972153E+00
   0.8960000E+02   -0.2327671E+00
   0.8970000E+02   -0.1932278E+00
   0.8980000E+02   -0.1836052E+00
   0.8990000E+02   -0.2031166E+00
   0.9000000E+02   -0.2457136E+00
   0.9010000E+02   -0.3013112E+00
   0.9020000E+02   -0.3577367E+00
   0.9030000E+02   -0.4030118E+00
   0.9040000E+02   -0.4276045E+00
   0.9050000E+02   -0.4259765E+00
   0.9060000E+02   -0.3979323E+00
   0.9070000E+02   -0.3482659E+00
   0.9080000E+02   -0.2859506E+00
   0.9090000E+02   -0.2224133E+00
   0.9100000E+02   -0.1693599E+00
   0.9110000E+02   -0.1365005E+00
   0.9120000E+02   -0.1297003E+00
   0.9130000E+02   -0.1498242E+00
   0.9140000E+02   -0.1925211E+00
   0.9150000E+02   -0.2489788E+00
   0.9160000E+02   -0.3075248E+00
   0.9170000E+02   -0.3556978E+00
   0.9180000E+02   -0.3825488E+00
   0.9190000E+02   -0.3805059E+00
   0.9200000E+02   -0.3466729E+00
   0.9210000E+02   -0.2832010E+00
   0.9220000E+02   -0.1967165E+00
   0.9230000E+02   -0.9696427E-01
   0.9240000E+02    0.5031550E-02
   0.9250000E+02    0.9908869E-01
   0.9260000E+02    0.1773972E+00
   0.9270000E+02    0.2357510E+00
   0.9280000E+02    0.2737905E+00
   0.9290000E+02    0.2946244E+00
   0.9300000E+02    0.3031774E+00
   0.9310000E+02    0.3054140E+00
   0.9320000E+02    0.3061701E+00
   0.9330000E+02    0.3083080E+00
   0.9340000E+02    0.3121914E+00
   0.9350000E+02    0.3157682E+00
   0.9360000E+02    0.3157392E+00
   0.9370000E+02    0.3086985E+00
   0.9380000E+02    0.2925080E+00
   0.9390000E+02    0.2675477E+00
   0.9400000E+02    0.2370810E+00
   0.9410000E+02    0.2069989E+00
   0.9420000E+02    0.1847028E+00
   0.9430000E+02    0.1774128E+00
   0.9440000E+02    0.1902975E+00
   0.9450000E+02    0.2247712E+00
   0.9460000E+02    0.2774584E+00
   0.9470000E+02    0.3401091E+00
   0.9480000E+02    0.4006231E+00
   0.9490000E+02    0.4448879E+00
   0.9500000E+02    0.4593896E+00
   0.9510000E+02    0.4338769E+00
   0.9520000E+02    0.3636036E+00
   0.9530000E+02    0.2506839E+00
   0.9540000E+02    0.1042137E+00
   0.9550000E+02   -0.6092338E-01
   0.9560000E+02   -0.2263923E+00
   0.9570000E+02   -0.3734003E+00
   0.9580000E+02   -0.4859764E+00
   0.9590000E+02   -0.5535830E+00
   0.9600000E+02   -0.5728680E+00
   0.9610000E+02   -0.5479257E+00
   0.9620000E+02   -0.4897280E+00
   0.9630000E+02   -0.4129731E+00
   0.9640000E+02   -0.3339932E+00
   0.9650000E+02   -0.2673107E+00
   0.9660000E+02   -0.2230796E+00
   0.9670000E+02   -0.2054173E+00
   0.9680000E+02   -0.2122378E+00
   0.9690000E+02   -0.2360961E+00
   0.9700000E+02   -0.2663951E+00
   0.9710000E+02   -0.2918873E+00
   0.9720000E+02   -0.3033303E+00
   0.9730000E+02   -0.2954826E+00
   0.9740000E+02   -0.2680887E+00
   0.9750000E+02   -0.2256505E+00
   0.9760000E+02   -0.1760754E+00
   0.9770000E+02   -0.1284870E+00
   0.9780000E+02   -0.9092341E-01
   0.9790000E+02   -0.6797317E-01
   0.9800000E+02   -0.5986985E-01
   0.9810000E+02   -0.6200760E-01
   0.9820000E+02   -0.6605755E-01
   0.9830000E+02   -0.6208163E-01
   0.9840000E+02   -0.4118736E-01
   0.9850000E+02    0.2872152E-02
   0.9860000E+02    0.7022965E-01
   0.9870000E+02    0.1558783E+00
   0.9880000E+02    0.2492573E+00
   0.9890000E+02    0.3369954E+00
   0.9900000E+02    0.4045534E+00
   0.9910000E+02    0.4404480E+00
   0.9920000E+02    0.4379806E+00
   0.9930000E+02    0.3988630E+00
   0.9940000E+02    0.3305083E+00
   0.9950000E+02    0.2476101E+00
   0.9960000E+02    0.1682335E+00
   0.9970000E+02    0.1107541E+00
   0.9980000E+02    0.8960189E-01
   0.9990000E+02    0.1123524E+00
   0.1000000E+03    0.1778743E+00
