   0.0000000E+00    0.1000000E+01
   0.1000000E+01    0.6400432E+00
   0.2000000E+01    0.4401296E+00
   0.3000000E+01    0.2401598E+00
   0.4000000E+01    0.1601235E+00
   0.5000000E+01    0.8002275E-01
   0.6000000E+01    0.1199440E+00
   0.7000000E+01    0.1999218E+00
   0.8000000E+01    0.1597765E+00
   0.9000000E+01    0.1997749E+00
   0.1000000E+02    0.1600675E+00
   0.1100000E+02    0.1601497E+00
   0.1200000E+02    0.1200653E+00
   0.1300000E+02    0.1599065E+00
   0.1400000E+02    0.1597407E+00
   0.1500000E+02    0.1198054E+00
   0.1600000E+02    0.1199615E+00
   0.1700000E+02    0.1601067E+00
   0.1800000E+02    0.1202131E+00
   0.1900000E+02    0.1202080E+00
   0.2000000E+02    0.1601342E+00
   0.2100000E+02    0.1599920E+00
   0.2200000E+02    0.1998829E+00
   0.2300000E+02    0.2398709E+00
   0.2400000E+02    0.1999745E+00
   0.2500000E+02    0.1201769E+00
   0.2600000E+02    0.1202264E+00
   0.2700000E+02    0.8027468E-01
   0.2800000E+02    0.1201312E+00
   0.2900000E+02    0.1598996E+00
   0.3000000E+02    0.1997005E+00
   0.3100000E+02    0.1596644E+00
   0.3200000E+02    0.1198813E+00
   0.3300000E+02    0.1600727E+00
   0.3400000E+02    0.1602692E+00
   0.3500000E+02    0.2002655E+00
   0.3600000E+02    0.2001342E+00
   0.3700000E+02    0.2799278E+00
   0.3800000E+02    0.2397309E+00
   0.3900000E+02    0.2397744E+00
   0.4000000E+02    0.1999609E+00
   0.4100000E+02    0.1202761E+00
   0.4200000E+02    0.1203732E+00
   0.4300000E+02    0.1203272E+00
   0.4400000E+02    0.1601648E+00
   0.4500000E+02    0.1199448E+00
   0.4600000E+02    0.1597893E+00
   0.4700000E+02    0.1996965E+00
   0.4800000E+02    0.1598740E+00
   0.4900000E+02    0.1200847E+00
   0.5000000E+02    0.1201654E+00
   0.5100000E+02    0.1601389E+00
   0.5200000E+02    0.1199983E+00
   0.5300000E+02    0.1198528E+00
   0.5400000E+02    0.7976331E-01
   0.5500000E+02    0.3981566E-01
   0.5600000E+02    0.3991516E-01
   0.5700000E+02    0.4018726E-01
   0.5800000E+02    0.4033198E-01
   0.5900000E+02    0.4022604E-01
   0.6000000E+02    0.4002452E-01
   0.6100000E+02    0.3979357E-01
   0.6200000E+02   -0.3618772E-03
   0.6300000E+02    0.3972820E-01
   0.6400000E+02    0.7991755E-01
   0.6500000E+02    0.1201472E+00
   0.6600000E+02    0.1202261E+00
   0.6700000E+02    0.1602150E+00
   0.6800000E+02    0.1600547E+00
   0.6900000E+02    0.1198530E+00
   0.7000000E+02    0.1197740E+00
   0.7100000E+02    0.7984136E-01
   0.7200000E+02    0.4002505E-01
   0.7300000E+02    0.8005085E-01
   0.7400000E+02    0.1201361E+00
   0.7500000E+02    0.1600992E+00
   0.7600000E+02    0.1599921E+00
   0.7700000E+02    0.1598465E+00
   0.7800000E+02    0.7976325E-01
   0.7900000E+02    0.3979827E-01
   0.8000000E+02    0.3999394E-01
   0.8100000E+02    0.4017935E-01
   0.8200000E+02    0.4013309E-01
   0.8300000E+02    0.4012230E-01
   0.8400000E+02    0.8002459E-01
   0.8500000E+02    0.3989306E-01
   0.8600000E+02    0.7984293E-01
   0.8700000E+02    0.7990695E-01
   0.8800000E+02    0.8001080E-01
   0.8900000E+02   -0.1953795E-04
   0.9000000E+02    0.6594566E-04
   0.9100000E+02    0.8557524E-04
   0.9200000E+02    0.3229235E-04
   0.9300000E+02    0.3996636E-01
   0.9400000E+02    0.3994358E-01
   0.9500000E+02    0.3997717E-01
   0.9600000E+02   -0.6264609E-04
   0.9700000E+02   -0.2721141E-04
   0.9800000E+02   -0.3093261E-05
   0.9900000E+02   -0.3758215E-09
   0.1000000E+03   -0.2449118E-09
