   0.0000000E+00    0.1000000E+01
   0.1000000E+00    0.9567042E+00
   0.2000000E+00    0.8339180E+00
   0.3000000E+00    0.6517218E+00
   0.4000000E+00    0.4397226E+00
   0.5000000E+00    0.2319788E+00
   0.6000000E+00    0.6118365E-01
   0.7000000E+00   -0.4686526E-01
   0.8000000E+00   -0.7756407E-01
   0.9000000E+00   -0.2983404E-01
   0.1000000E+01    0.8390137E-01
   0.1100000E+01    0.2400558E+00
   0.1200000E+01    0.4081010E+00
   0.1300000E+01    0.5559107E+00
   0.1400000E+01    0.6552885E+00
   0.1500000E+01    0.6867196E+00
   0.1600000E+01    0.6425486E+00
   0.1700000E+01    0.5280613E+00
   0.1800000E+01    0.3603332E+00
   0.1900000E+01    0.1650898E+00
   0.2000000E+01   -0.2784084E-01
   0.2100000E+01   -0.1896710E+00
   0.2200000E+01   -0.2975013E+00
   0.2300000E+01   -0.3380567E+00
   0.2400000E+01   -0.3097042E+00
   0.2500000E+01   -0.2224523E+00
   0.2600000E+01   -0.9599284E-01
   0.2700000E+01    0.4384464E-01
   0.2800000E+01    0.1695768E+00
   0.2900000E+01    0.2567188E+00
   0.3000000E+01    0.2878206E+00
   0.3100000E+01    0.2552330E+00
   0.3200000E+01    0.1621762E+00
   0.3300000E+01    0.2198089E-01
   0.3400000E+01   -0.1443277E+00
   0.3500000E+01   -0.3116613E+00
   0.3600000E+01   -0.4550901E+00
   0.3700000E+01   -0.5539474E+00
   0.3800000E+01   -0.5951556E+00
   0.3900000E+01   -0.5752364E+00
   0.4000000E+01   -0.5007244E+00
   0.4100000E+01   -0.3869282E+00
   0.4200000E+01   -0.2552868E+00
   0.4300000E+01   -0.1297636E+00
   0.4400000E+01   -0.3287956E-01
   0.4500000E+01    0.1796994E-01
   0.4600000E+01    0.1332096E-01
   0.4700000E+01   -0.4687036E-01
   0.4800000E+01   -0.1532920E+00
   0.4900000E+01   -0.2888632E+00
   0.5000000E+01   -0.4315857E+00
   0.5100000E+01   -0.5581871E+00
   0.5200000E+01   -0.6479648E+00
   0.5300000E+01   -0.6861981E+00
   0.5400000E+01   -0.6665830E+00
   0.5500000E+01   -0.5922712E+00
   0.5600000E+01   -0.4753546E+00
   0.5700000E+01   -0.3348647E+00
   0.5800000E+01   -0.1936117E+00
   0.5900000E+01   -0.7438714E-01
   0.6000000E+01    0.3862627E-02
   0.6100000E+01    0.2921951E-01
   0.6200000E+01   -0.1173550E-02
   0.6300000E+01   -0.8059795E-01
   0.6400000E+01   -0.1938616E+00
   0.6500000E+01   -0.3198417E+00
   0.6600000E+01   -0.4350538E+00
   0.6700000E+01   -0.5176473E+00
   0.6800000E+01   -0.5511493E+00
   0.6900000E+01   -0.5273140E+00
   0.7000000E+01   -0.4475828E+00
   0.7100000E+01   -0.3228897E+00
   0.7200000E+01   -0.1718357E+00
   0.7300000E+01   -0.1753202E-01
   0.7400000E+01    0.1163523E+00
   0.7500000E+01    0.2096531E+00
   0.7600000E+01    0.2491955E+00
   0.7700000E+01    0.2310785E+00
   0.7800000E+01    0.1613688E+00
   0.7900000E+01    0.5507344E-01
   0.8000000E+01   -0.6643404E-01
   0.8100000E+01   -0.1790911E+00
   0.8200000E+01   -0.2602910E+00
   0.8300000E+01   -0.2927771E+00
   0.8400000E+01   -0.2676134E+00
   0.8500000E+01   -0.1857174E+00
   0.8600000E+01   -0.5769820E-01
   0.8700000E+01    0.9797119E-01
   0.8800000E+01    0.2581188E+00
   0.8900000E+01    0.3988285E+00
   0.9000000E+01    0.4994957E+00
   0.9100000E+01    0.5462934E+00
   0.9200000E+01    0.5344527E+00
   0.9300000E+01    0.4689870E+00
   0.9400000E+01    0.3637488E+00
   0.9500000E+01    0.2389985E+00
   0.9600000E+01    0.1179184E+00
   0.9700000E+01    0.2267269E-01
   0.9800000E+01   -0.2931259E-01
   0.9900000E+01   -0.2822265E-01
   0.1000000E+02    0.2657942E-01
   0.1010000E+02    0.1265557E+00
   0.1020000E+02    0.2555223E+00
   0.1030000E+02    0.3924385E+00
   0.1040000E+02    0.5149677E+00
   0.1050000E+02    0.6032086E+00
   0.1060000E+02    0.6429765E+00
   0.1070000E+02    0.6280991E+00
   0.1080000E+02    0.5613605E+00
   0.1090000E+02    0.4539653E+00
   0.1100000E+02    0.3236121E+00
   0.1110000E+02    0.1915305E+00
   0.1120000E+02    0.7895890E-01
   0.1130000E+02    0.3650637E-02
   0.1140000E+02   -0.2302534E-01
   0.1150000E+02    0.2075475E-02
   0.1160000E+02    0.7338500E-01
   0.1170000E+02    0.1775565E+00
   0.1180000E+02    0.2956658E+00
   0.1190000E+02    0.4063126E+00
   0.1200000E+02    0.4891416E+00
   0.1210000E+02    0.5281764E+00
   0.1220000E+02    0.5144637E+00
   0.1230000E+02    0.4475736E+00
   0.1240000E+02    0.3357168E+00
   0.1250000E+02    0.1944489E+00
   0.1260000E+02    0.4416116E-01
   0.1270000E+02   -0.9323810E-01
   0.1280000E+02   -0.1979189E+00
   0.1290000E+02   -0.2554139E+00
   0.1300000E+02   -0.2590529E+00
   0.1310000E+02   -0.2111229E+00
   0.1320000E+02   -0.1225585E+00
   0.1330000E+02   -0.1118440E-01
   0.1340000E+02    0.1012058E+00
   0.1350000E+02    0.1924797E+00
   0.1360000E+02    0.2438899E+00
   0.1370000E+02    0.2432764E+00
   0.1380000E+02    0.1871973E+00
   0.1390000E+02    0.8160624E-01
   0.1400000E+02   -0.5904429E-01
   0.1410000E+02   -0.2141689E+00
   0.1420000E+02   -0.3604773E+00
   0.1430000E+02   -0.4759058E+00
   0.1440000E+02   -0.5433865E+00
   0.1450000E+02   -0.5537900E+00
   0.1460000E+02   -0.5075500E+00
   0.1470000E+02   -0.4146469E+00
   0.1480000E+02   -0.2929571E+00
   0.1490000E+02   -0.1652215E+00
   0.1500000E+02   -0.5516179E-01
   0.1510000E+02    0.1661058E-01
   0.1520000E+02    0.3616310E-01
   0.1530000E+02   -0.1322188E-02
   0.1540000E+02   -0.9068131E-01
   0.1550000E+02   -0.2176279E+00
   0.1560000E+02   -0.3611976E+00
   0.1570000E+02   -0.4973574E+00
   0.1580000E+02   -0.6031559E+00
   0.1590000E+02   -0.6606904E+00
   0.1600000E+02   -0.6602036E+00
   0.1610000E+02   -0.6017681E+00
   0.1620000E+02   -0.4952682E+00
   0.1630000E+02   -0.3586842E+00
   0.1640000E+02   -0.2149803E+00
   0.1650000E+02   -0.8813949E-01
   0.1660000E+02    0.9638888E-03
   0.1670000E+02    0.3814119E-01
   0.1680000E+02    0.1830035E-01
   0.1690000E+02   -0.5371667E-01
   0.1700000E+02   -0.1640051E+00
   0.1710000E+02   -0.2920126E+00
   0.1720000E+02   -0.4140776E+00
   0.1730000E+02   -0.5074674E+00
   0.1740000E+02   -0.5542363E+00
   0.1750000E+02   -0.5442344E+00
   0.1760000E+02   -0.4767799E+00
   0.1770000E+02   -0.3607116E+00
   0.1780000E+02   -0.2128427E+00
   0.1790000E+02   -0.5508751E-01
   0.1800000E+02    0.8923883E-01
   0.1810000E+02    0.1993171E+00
   0.1820000E+02    0.2602642E+00
   0.1830000E+02    0.2655475E+00
   0.1840000E+02    0.2179842E+00
   0.1850000E+02    0.1291757E+00
   0.1860000E+02    0.1748981E-01
   0.1870000E+02   -0.9506004E-01
   0.1880000E+02   -0.1865098E+00
   0.1890000E+02   -0.2385986E+00
   0.1900000E+02   -0.2397802E+00
   0.1910000E+02   -0.1871004E+00
   0.1920000E+02   -0.8664245E-01
   0.1930000E+02    0.4752372E-01
   0.1940000E+02    0.1957039E+00
   0.1950000E+02    0.3358617E+00
   0.1960000E+02    0.4472736E+00
   0.1970000E+02    0.5139573E+00
   0.1980000E+02    0.5273076E+00
   0.1990000E+02    0.4875119E+00
   0.2000000E+02    0.4035059E+00
   0.2010000E+02    0.2914831E+00
   0.2020000E+02    0.1721951E+00
   0.2030000E+02    0.6749168E-01
   0.2040000E+02   -0.3333710E-02
   0.2050000E+02   -0.2678160E-01
   0.2060000E+02    0.2564873E-02
   0.2070000E+02    0.8109823E-01
   0.2080000E+02    0.1967500E+00
   0.2090000E+02    0.3309778E+00
   0.2100000E+02    0.4618563E+00
   0.2110000E+02    0.5677583E+00
   0.2120000E+02    0.6310113E+00
   0.2130000E+02    0.6409165E+00
   0.2140000E+02    0.5955991E+00
   0.2150000E+02    0.5023819E+00
   0.2160000E+02    0.3765989E+00
   0.2170000E+02    0.2390309E+00
   0.2180000E+02    0.1123972E+00
   0.2190000E+02    0.1748625E-01
   0.2200000E+02   -0.3039738E-01
   0.2210000E+02   -0.2408711E-01
   0.2220000E+02    0.3418773E-01
   0.2230000E+02    0.1331389E+00
   0.2240000E+02    0.2543182E+00
   0.2250000E+02    0.3752579E+00
   0.2260000E+02    0.4733107E+00
   0.2270000E+02    0.5295429E+00
   0.2280000E+02    0.5319915E+00
   0.2290000E+02    0.4777362E+00
   0.2300000E+02    0.3734137E+00
   0.2310000E+02    0.2340905E+00
   0.2320000E+02    0.8068429E-01
   0.2330000E+02   -0.6361672E-01
   0.2340000E+02   -0.1773198E+00
   0.2350000E+02   -0.2442880E+00
   0.2360000E+02   -0.2564696E+00
   0.2370000E+02   -0.2152233E+00
   0.2380000E+02   -0.1310223E+00
   0.2390000E+02   -0.2159563E-01
   0.2400000E+02    0.9116185E-01
   0.2410000E+02    0.1849699E+00
   0.2420000E+02    0.2409786E+00
   0.2430000E+02    0.2469617E+00
   0.2440000E+02    0.1993534E+00
   0.2450000E+02    0.1037805E+00
   0.2460000E+02   -0.2597183E-01
   0.2470000E+02   -0.1703910E+00
   0.2480000E+02   -0.3075094E+00
   0.2490000E+02   -0.4168147E+00
   0.2500000E+02   -0.4825239E+00
   0.2510000E+02   -0.4962801E+00
   0.2520000E+02   -0.4584612E+00
   0.2530000E+02   -0.3780191E+00
   0.2540000E+02   -0.2708853E+00
   0.2550000E+02   -0.1572261E+00
   0.2560000E+02   -0.5801976E-01
   0.2570000E+02    0.8455913E-02
   0.2580000E+02    0.2965220E-01
   0.2590000E+02    0.7886243E-03
   0.2600000E+02   -0.7440814E-01
   0.2610000E+02   -0.1843879E+00
   0.2620000E+02   -0.3117369E+00
   0.2630000E+02   -0.4360882E+00
   0.2640000E+02   -0.5374910E+00
   0.2650000E+02   -0.5996896E+00
   0.2660000E+02   -0.6127710E+00
   0.2670000E+02   -0.5747609E+00
   0.2680000E+02   -0.4919192E+00
   0.2690000E+02   -0.3776824E+00
   0.2700000E+02   -0.2504463E+00
   0.2710000E+02   -0.1305447E+00
   0.2720000E+02   -0.3691341E-01
   0.2730000E+02    0.1601202E-01
   0.2740000E+02    0.2066326E-01
   0.2750000E+02   -0.2241063E-01
   0.2760000E+02   -0.1046196E+00
   0.2770000E+02   -0.2107307E+00
   0.2780000E+02   -0.3213599E+00
   0.2790000E+02   -0.4161632E+00
   0.2800000E+02   -0.4772044E+00
   0.2810000E+02   -0.4919509E+00
   0.2820000E+02   -0.4553986E+00
   0.2830000E+02   -0.3709650E+00
   0.2840000E+02   -0.2499956E+00
   0.2850000E+02   -0.1099383E+00
   0.2860000E+02    0.2851347E-01
   0.2870000E+02    0.1448541E+00
   0.2880000E+02    0.2222030E+00
   0.2890000E+02    0.2501703E+00
   0.2900000E+02    0.2266568E+00
   0.2910000E+02    0.1582822E+00
   0.2920000E+02    0.5933503E-01
   0.2930000E+02   -0.5058951E-01
   0.2940000E+02   -0.1498684E+00
   0.2950000E+02   -0.2185176E+00
   0.2960000E+02   -0.2416120E+00
   0.2970000E+02   -0.2118759E+00
   0.2980000E+02   -0.1309910E+00
   0.2990000E+02   -0.9383802E-02
   0.3000000E+02    0.1354844E+00
   0.3010000E+02    0.2820426E+00
   0.3020000E+02    0.4082597E+00
   0.3030000E+02    0.4953902E+00
   0.3040000E+02    0.5311733E+00
   0.3050000E+02    0.5119366E+00
   0.3060000E+02    0.4432163E+00
   0.3070000E+02    0.3388172E+00
   0.3080000E+02    0.2184375E+00
   0.3090000E+02    0.1042880E+00
   0.3100000E+02    0.1728325E-01
   0.3110000E+02   -0.2653594E-01
   0.3120000E+02   -0.1873232E-01
   0.3130000E+02    0.4011566E-01
   0.3140000E+02    0.1405564E+00
   0.3150000E+02    0.2659306E+00
   0.3160000E+02    0.3952630E+00
   0.3170000E+02    0.5068740E+00
   0.3180000E+02    0.5820849E+00
   0.3190000E+02    0.6083793E+00
   0.3200000E+02    0.5814808E+00
   0.3210000E+02    0.5060070E+00
   0.3220000E+02    0.3945980E+00
   0.3230000E+02    0.2656910E+00
   0.3240000E+02    0.1403308E+00
   0.3250000E+02    0.3858178E-01
   0.3260000E+02   -0.2385603E-01
   0.3270000E+02   -0.3824242E-01
   0.3280000E+02   -0.4185384E-02
   0.3290000E+02    0.7040077E-01
   0.3300000E+02    0.1707372E+00
   0.3310000E+02    0.2777601E+00
   0.3320000E+02    0.3713877E+00
   0.3330000E+02    0.4339154E+00
   0.3340000E+02    0.4529714E+00
   0.3350000E+02    0.4235418E+00
   0.3360000E+02    0.3487440E+00
   0.3370000E+02    0.2392317E+00
   0.3380000E+02    0.1113499E+00
   0.3390000E+02   -0.1563924E-01
   0.3400000E+02   -0.1227882E+00
   0.3410000E+02   -0.1946262E+00
   0.3420000E+02   -0.2217101E+00
   0.3430000E+02   -0.2021666E+00
   0.3440000E+02   -0.1419684E+00
   0.3450000E+02   -0.5391026E-01
   0.3460000E+02    0.4454217E-01
   0.3470000E+02    0.1341727E+00
   0.3480000E+02    0.1972205E+00
   0.3490000E+02    0.2203483E+00
   0.3500000E+02    0.1968752E+00
   0.3510000E+02    0.1279166E+00
   0.3520000E+02    0.2223011E-01
   0.3530000E+02   -0.1052064E+00
   0.3540000E+02   -0.2356556E+00
   0.3550000E+02   -0.3497278E+00
   0.3560000E+02   -0.4306058E+00
   0.3570000E+02   -0.4668704E+00
   0.3580000E+02   -0.4544406E+00
   0.3590000E+02   -0.3973064E+00
   0.3600000E+02   -0.3068967E+00
   0.3610000E+02   -0.2002128E+00
   0.3620000E+02   -0.9698809E-01
   0.3630000E+02   -0.1636853E-01
   0.3640000E+02    0.2633868E-01
   0.3650000E+02    0.2231093E-01
   0.3660000E+02   -0.2926036E-01
   0.3670000E+02   -0.1209393E+00
   0.3680000E+02   -0.2382584E+00
   0.3690000E+02   -0.3621306E+00
   0.3700000E+02   -0.4720800E+00
   0.3710000E+02   -0.5497304E+00
   0.3720000E+02   -0.5819707E+00
   0.3730000E+02   -0.5632357E+00
   0.3740000E+02   -0.4965010E+00
   0.3750000E+02   -0.3928198E+00
   0.3760000E+02   -0.2694512E+00
   0.3770000E+02   -0.1469163E+00
   0.3780000E+02   -0.4547158E-01
   0.3790000E+02    0.1837945E-01
   0.3800000E+02    0.3474322E-01
   0.3810000E+02    0.2042180E-02
   0.3820000E+02   -0.7271108E-01
   0.3830000E+02   -0.1751327E+00
   0.3840000E+02   -0.2859661E+00
   0.3850000E+02   -0.3844187E+00
   0.3860000E+02   -0.4517641E+00
   0.3870000E+02   -0.4745720E+00
   0.3880000E+02   -0.4470106E+00
   0.3890000E+02   -0.3718210E+00
   0.3900000E+02   -0.2598080E+00
   0.3910000E+02   -0.1279364E+00
   0.3920000E+02    0.3619735E-02
   0.3930000E+02    0.1149537E+00
   0.3940000E+02    0.1898295E+00
   0.3950000E+02    0.2184197E+00
   0.3960000E+02    0.1989076E+00
   0.3970000E+02    0.1377097E+00
   0.3980000E+02    0.4828068E-01
   0.3990000E+02   -0.5126346E-01
   0.4000000E+02   -0.1412818E+00
   0.4010000E+02   -0.2039595E+00
   0.4020000E+02   -0.2262976E+00
   0.4030000E+02   -0.2022445E+00
   0.4040000E+02   -0.1336171E+00
   0.4050000E+02   -0.2970024E-01
   0.4060000E+02    0.9441497E-01
   0.4070000E+02    0.2204185E+00
   0.4080000E+02    0.3298614E+00
   0.4090000E+02    0.4072033E+00
   0.4100000E+02    0.4423205E+00
   0.4110000E+02    0.4320762E+00
   0.4120000E+02    0.3807128E+00
   0.4130000E+02    0.2990280E+00
   0.4140000E+02    0.2024962E+00
   0.4150000E+02    0.1086593E+00
   0.4160000E+02    0.3422884E-01
   0.4170000E+02   -0.7626357E-02
   0.4180000E+02   -0.9377387E-02
   0.4190000E+02    0.2971504E-01
   0.4200000E+02    0.1035634E+00
   0.4210000E+02    0.2003196E+00
   0.4220000E+02    0.3043574E+00
   0.4230000E+02    0.3988466E+00
   0.4240000E+02    0.4684959E+00
   0.4250000E+02    0.5020306E+00
   0.4260000E+02    0.4940074E+00
   0.4270000E+02    0.4456829E+00
   0.4280000E+02    0.3647952E+00
   0.4290000E+02    0.2642998E+00
   0.4300000E+02    0.1602557E+00
   0.4310000E+02    0.6920720E-01
   0.4320000E+02    0.5471614E-02
   0.4330000E+02   -0.2122072E-01
   0.4340000E+02   -0.7352713E-02
   0.4350000E+02    0.4376028E-01
   0.4360000E+02    0.1224404E+00
   0.4370000E+02    0.2143413E+00
   0.4380000E+02    0.3025053E+00
   0.4390000E+02    0.3705242E+00
   0.4400000E+02    0.4049849E+00
   0.4410000E+02    0.3979548E+00
   0.4420000E+02    0.3482913E+00
   0.4430000E+02    0.2619362E+00
   0.4440000E+02    0.1509982E+00
   0.4450000E+02    0.3178783E-01
   0.4460000E+02   -0.7790473E-01
   0.4470000E+02   -0.1617986E+00
   0.4480000E+02   -0.2079066E+00
   0.4490000E+02   -0.2106171E+00
   0.4500000E+02   -0.1717082E+00
   0.4510000E+02   -0.1001026E+00
   0.4520000E+02   -0.1038982E-01
   0.4530000E+02    0.7964803E-01
   0.4540000E+02    0.1520828E+00
   0.4550000E+02    0.1919483E+00
   0.4560000E+02    0.1898550E+00
   0.4570000E+02    0.1436599E+00
   0.4580000E+02    0.5888673E-01
   0.4590000E+02   -0.5219100E-01
   0.4600000E+02   -0.1726444E+00
   0.4610000E+02   -0.2838114E+00
   0.4620000E+02   -0.3685337E+00
   0.4630000E+02   -0.4141396E+00
   0.4640000E+02   -0.4146563E+00
   0.4650000E+02   -0.3718468E+00
   0.4660000E+02   -0.2949046E+00
   0.4670000E+02   -0.1988404E+00
   0.4680000E+02   -0.1018603E+00
   0.4690000E+02   -0.2218396E-01
   0.4700000E+02    0.2512696E-01
   0.4710000E+02    0.3078522E-01
   0.4720000E+02   -0.7127120E-02
   0.4730000E+02   -0.8284952E-01
   0.4740000E+02   -0.1839819E+00
   0.4750000E+02   -0.2936600E+00
   0.4760000E+02   -0.3935015E+00
   0.4770000E+02   -0.4667926E+00
   0.4780000E+02   -0.5013638E+00
   0.4790000E+02   -0.4916530E+00
   0.4800000E+02   -0.4396263E+00
   0.4810000E+02   -0.3543767E+00
   0.4820000E+02   -0.2505165E+00
   0.4830000E+02   -0.1456336E+00
   0.4840000E+02   -0.5726289E-01
   0.4850000E+02    0.9992812E-04
   0.4860000E+02    0.1744332E-01
   0.4870000E+02   -0.7280901E-02
   0.4880000E+02   -0.6885352E-01
   0.4890000E+02   -0.1557365E+00
   0.4900000E+02   -0.2520580E+00
   0.4910000E+02   -0.3403130E+00
   0.4920000E+02   -0.4043015E+00
   0.4930000E+02   -0.4318343E+00
   0.4940000E+02   -0.4167252E+00
   0.4950000E+02   -0.3597789E+00
   0.4960000E+02   -0.2686092E+00
   0.4970000E+02   -0.1563289E+00
   0.4980000E+02   -0.3935557E-01
   0.4990000E+02    0.6531995E-01
   0.5000000E+02    0.1429211E+00
   0.5010000E+02    0.1832922E+00
   0.5020000E+02    0.1825204E+00
   0.5030000E+02    0.1435245E+00
   0.5040000E+02    0.7551104E-01
   0.5050000E+02   -0.7595366E-02
   0.5060000E+02   -0.8949039E-01
   0.5070000E+02   -0.1542042E+00
   0.5080000E+02   -0.1887525E+00
   0.5090000E+02   -0.1852791E+00
   0.5100000E+02   -0.1423469E+00
   0.5110000E+02   -0.6516315E-01
   0.5120000E+02    0.3530355E-01
   0.5130000E+02    0.1441516E+00
   0.5140000E+02    0.2450443E+00
   0.5150000E+02    0.3229389E+00
   0.5160000E+02    0.3666062E+00
   0.5170000E+02    0.3705159E+00
   0.5180000E+02    0.3357686E+00
   0.5190000E+02    0.2699155E+00
   0.5200000E+02    0.1856885E+00
   0.5210000E+02    0.9885258E-01
   0.5220000E+02    0.2553576E-01
   0.5230000E+02   -0.2050955E-01
   0.5240000E+02   -0.3025535E-01
   0.5250000E+02   -0.9452991E-03
   0.5260000E+02    0.6341811E-01
   0.5270000E+02    0.1527415E+00
   0.5280000E+02    0.2525495E+00
   0.5290000E+02    0.3464509E+00
   0.5300000E+02    0.4189349E+00
   0.5310000E+02    0.4580217E+00
   0.5320000E+02    0.4573070E+00
   0.5330000E+02    0.4170509E+00
   0.5340000E+02    0.3441134E+00
   0.5350000E+02    0.2507627E+00
   0.5360000E+02    0.1525479E+00
   0.5370000E+02    0.6561863E-01
   0.5380000E+02    0.3951734E-02
   0.5390000E+02   -0.2303100E-01
   0.5400000E+02   -0.1204345E-01
   0.5410000E+02    0.3355674E-01
   0.5420000E+02    0.1044115E+00
   0.5430000E+02    0.1868398E+00
   0.5440000E+02    0.2652428E+00
   0.5450000E+02    0.3248191E+00
   0.5460000E+02    0.3541092E+00
   0.5470000E+02    0.3469338E+00
   0.5480000E+02    0.3033945E+00
   0.5490000E+02    0.2297792E+00
   0.5500000E+02    0.1374013E+00
   0.5510000E+02    0.4059165E-01
   0.5520000E+02   -0.4579826E-01
   0.5530000E+02   -0.1089421E+00
   0.5540000E+02   -0.1401969E+00
   0.5550000E+02   -0.1365074E+00
   0.5560000E+02   -0.1008344E+00
   0.5570000E+02   -0.4154715E-01
   0.5580000E+02    0.2909165E-01
   0.5590000E+02    0.9703801E-01
   0.5600000E+02    0.1490216E+00
   0.5610000E+02    0.1744999E+00
   0.5620000E+02    0.1676633E+00
   0.5630000E+02    0.1281992E+00
   0.5640000E+02    0.6128787E-01
   0.5650000E+02   -0.2334711E-01
   0.5660000E+02   -0.1131261E+00
   0.5670000E+02   -0.1947429E+00
   0.5680000E+02   -0.2563768E+00
   0.5690000E+02   -0.2896202E+00
   0.5700000E+02   -0.2908125E+00
   0.5710000E+02   -0.2615738E+00
   0.5720000E+02   -0.2084667E+00
   0.5730000E+02   -0.1418564E+00
   0.5740000E+02   -0.7416795E-01
   0.5750000E+02   -0.1783036E-01
   0.5760000E+02    0.1675527E-01
   0.5770000E+02    0.2289828E-01
   0.5780000E+02   -0.1313848E-02
   0.5790000E+02   -0.5273325E-01
   0.5800000E+02   -0.1236773E+00
   0.5810000E+02   -0.2031977E+00
   0.5820000E+02   -0.2788612E+00
   0.5830000E+02   -0.3387692E+00
   0.5840000E+02   -0.3734866E+00
   0.5850000E+02   -0.3775740E+00
   0.5860000E+02   -0.3504708E+00
   0.5870000E+02   -0.2965911E+00
   0.5880000E+02   -0.2246115E+00
   0.5890000E+02   -0.1460605E+00
   0.5900000E+02   -0.7344097E-01
   0.5910000E+02   -0.1817900E-01
   0.5920000E+02    0.1125748E-01
   0.5930000E+02    0.1076624E-01
   0.5940000E+02   -0.1869716E-01
   0.5950000E+02   -0.7126023E-01
   0.5960000E+02   -0.1370938E+00
   0.5970000E+02   -0.2040413E+00
   0.5980000E+02   -0.2596551E+00
   0.5990000E+02   -0.2932844E+00
   0.6000000E+02   -0.2979010E+00
   0.6010000E+02   -0.2713011E+00
   0.6020000E+02   -0.2165173E+00
   0.6030000E+02   -0.1413343E+00
   0.6040000E+02   -0.5699607E-01
   0.6050000E+02    0.2368978E-01
   0.6060000E+02    0.8852620E-01
   0.6070000E+02    0.1280126E+00
   0.6080000E+02    0.1369796E+00
   0.6090000E+02    0.1154905E+00
   0.6100000E+02    0.6884744E-01
   0.6110000E+02    0.6698310E-02
   0.6120000E+02   -0.5860766E-01
   0.6130000E+02   -0.1141303E+00
   0.6140000E+02   -0.1485626E+00
   0.6150000E+02   -0.1541662E+00
   0.6160000E+02   -0.1281045E+00
   0.6170000E+02   -0.7292962E-01
   0.6180000E+02    0.3852845E-02
   0.6190000E+02    0.9106304E-01
   0.6200000E+02    0.1757542E+00
   0.6210000E+02    0.2454047E+00
   0.6220000E+02    0.2900300E+00
   0.6230000E+02    0.3038471E+00
   0.6240000E+02    0.2862119E+00
   0.6250000E+02    0.2416826E+00
   0.6260000E+02    0.1791941E+00
   0.6270000E+02    0.1105151E+00
   0.6280000E+02    0.4823834E-01
   0.6290000E+02    0.3661745E-02
   0.6300000E+02   -0.1509099E-01
   0.6310000E+02   -0.4386103E-02
   0.6320000E+02    0.3436614E-01
   0.6330000E+02    0.9500749E-01
   0.6340000E+02    0.1677073E+00
   0.6350000E+02    0.2406397E+00
   0.6360000E+02    0.3019603E+00
   0.6370000E+02    0.3417571E+00
   0.6380000E+02    0.3536627E+00
   0.6390000E+02    0.3358646E+00
   0.6400000E+02    0.2913554E+00
   0.6410000E+02    0.2274010E+00
   0.6420000E+02    0.1543181E+00
   0.6430000E+02    0.8376832E-01
   0.6440000E+02    0.2685036E-01
   0.6450000E+02   -0.7702882E-02
   0.6460000E+02   -0.1493571E-01
   0.6470000E+02    0.5537418E-02
   0.6480000E+02    0.4947661E-01
   0.6490000E+02    0.1087086E+00
   0.6500000E+02    0.1724531E+00
   0.6510000E+02    0.2290751E+00
   0.6520000E+02    0.2679813E+00
   0.6530000E+02    0.2813616E+00
   0.6540000E+02    0.2654915E+00
   0.6550000E+02    0.2213863E+00
   0.6560000E+02    0.1546874E+00
   0.6570000E+02    0.7479533E-01
   0.6580000E+02   -0.6629144E-02
   0.6590000E+02   -0.7755743E-01
   0.6600000E+02   -0.1275802E+00
   0.6610000E+02   -0.1496652E+00
   0.6620000E+02   -0.1413870E+00
   0.6630000E+02   -0.1054154E+00
   0.6640000E+02   -0.4916370E-01
   0.6650000E+02    0.1637174E-01
   0.6660000E+02    0.7839621E-01
   0.6670000E+02    0.1244540E+00
   0.6680000E+02    0.1445513E+00
   0.6690000E+02    0.1329163E+00
   0.6700000E+02    0.8907611E-01
   0.6710000E+02    0.1805478E-01
   0.6720000E+02   -0.7037260E-01
   0.6730000E+02   -0.1632480E+00
   0.6740000E+02   -0.2465957E+00
   0.6750000E+02   -0.3077967E+00
   0.6760000E+02   -0.3377806E+00
   0.6770000E+02   -0.3326406E+00
   0.6780000E+02   -0.2943851E+00
   0.6790000E+02   -0.2306560E+00
   0.6800000E+02   -0.1534857E+00
   0.6810000E+02   -0.7724050E-01
   0.6820000E+02   -0.1614610E-01
   0.6830000E+02    0.1819990E-01
   0.6840000E+02    0.1887693E-01
   0.6850000E+02   -0.1510465E-01
   0.6860000E+02   -0.7859315E-01
   0.6870000E+02   -0.1611579E+00
   0.6880000E+02   -0.2488953E+00
   0.6890000E+02   -0.3268471E+00
   0.6900000E+02   -0.3816372E+00
   0.6910000E+02   -0.4038085E+00
   0.6920000E+02   -0.3894982E+00
   0.6930000E+02   -0.3411126E+00
   0.6940000E+02   -0.2669008E+00
   0.6950000E+02   -0.1794987E+00
   0.6960000E+02   -0.9369865E-01
   0.6970000E+02   -0.2385253E-01
   0.6980000E+02    0.1861714E-01
   0.6990000E+02    0.2728549E-01
   0.7000000E+02    0.1638039E-02
   0.7010000E+02   -0.5271529E-01
   0.7020000E+02   -0.1251542E+00
   0.7030000E+02   -0.2019375E+00
   0.7040000E+02   -0.2686084E+00
   0.7050000E+02   -0.3125144E+00
   0.7060000E+02   -0.3249721E+00
   0.7070000E+02   -0.3027108E+00
   0.7080000E+02   -0.2483638E+00
   0.7090000E+02   -0.1699291E+00
   0.7100000E+02   -0.7932267E-01
   0.7110000E+02    0.9715039E-02
   0.7120000E+02    0.8398041E-01
   0.7130000E+02    0.1330307E+00
   0.7140000E+02    0.1508836E+00
   0.7150000E+02    0.1369338E+00
   0.7160000E+02    0.9593004E-01
   0.7170000E+02    0.3705885E-01
   0.7180000E+02   -0.2769925E-01
   0.7190000E+02   -0.8563932E-01
   0.7200000E+02   -0.1254726E+00
   0.7210000E+02   -0.1391778E+00
   0.7220000E+02   -0.1232665E+00
   0.7230000E+02   -0.7927006E-01
   0.7240000E+02   -0.1337791E-01
   0.7250000E+02    0.6466466E-01
   0.7260000E+02    0.1432336E+00
   0.7270000E+02    0.2107630E+00
   0.7280000E+02    0.2576360E+00
   0.7290000E+02    0.2777172E+00
   0.7300000E+02    0.2692952E+00
   0.7310000E+02    0.2352879E+00
   0.7320000E+02    0.1826974E+00
   0.7330000E+02    0.1214139E+00
   0.7340000E+02    0.6256864E-01
   0.7350000E+02    0.1670931E-01
   0.7360000E+02   -0.7914288E-02
   0.7370000E+02   -0.6674045E-02
   0.7380000E+02    0.2070454E-01
   0.7390000E+02    0.7011975E-01
   0.7400000E+02    0.1337794E+00
   0.7410000E+02    0.2014836E+00
   0.7420000E+02    0.2622966E+00
   0.7430000E+02    0.3063408E+00
   0.7440000E+02    0.3264172E+00
   0.7450000E+02    0.3191974E+00
   0.7460000E+02    0.2857791E+00
   0.7470000E+02    0.2315192E+00
   0.7480000E+02    0.1651594E+00
   0.7490000E+02    0.9739025E-01
   0.7500000E+02    0.3907259E-01
   0.7510000E+02   -0.5713827E-03
   0.7520000E+02   -0.1551339E-01
   0.7530000E+02   -0.3946099E-02
   0.7540000E+02    0.3139309E-01
   0.7550000E+02    0.8366651E-01
   0.7560000E+02    0.1430763E+00
   0.7570000E+02    0.1985213E+00
   0.7580000E+02    0.2394851E+00
   0.7590000E+02    0.2578352E+00
   0.7600000E+02    0.2492295E+00
   0.7610000E+02    0.2138709E+00
   0.7620000E+02    0.1564895E+00
   0.7630000E+02    0.8554064E-01
   0.7640000E+02    0.1175712E-01
   0.7650000E+02   -0.5369374E-01
   0.7660000E+02   -0.1011297E+00
   0.7670000E+02   -0.1240282E+00
   0.7680000E+02   -0.1201124E+00
   0.7690000E+02   -0.9174736E-01
   0.7700000E+02   -0.4548880E-01
   0.7710000E+02    0.9082359E-02
   0.7720000E+02    0.6104689E-01
   0.7730000E+02    0.1000598E+00
   0.7740000E+02    0.1181426E+00
   0.7750000E+02    0.1110518E+00
   0.7760000E+02    0.7898478E-01
   0.7770000E+02    0.2649523E-01
   0.7780000E+02   -0.3834255E-01
   0.7790000E+02   -0.1053458E+00
   0.7800000E+02   -0.1641555E+00
   0.7810000E+02   -0.2057559E+00
   0.7820000E+02   -0.2242879E+00
   0.7830000E+02   -0.2178745E+00
   0.7840000E+02   -0.1889158E+00
   0.7850000E+02   -0.1436070E+00
   0.7860000E+02   -0.9081634E-01
   0.7870000E+02   -0.4052097E-01
   0.7880000E+02   -0.2083508E-02
   0.7890000E+02    0.1733514E-01
   0.7900000E+02    0.1395743E-01
   0.7910000E+02   -0.1202539E-01
   0.7920000E+02   -0.5655050E-01
   0.7930000E+02   -0.1124267E+00
   0.7940000E+02   -0.1705925E+00
   0.7950000E+02   -0.2216657E+00
   0.7960000E+02   -0.2574843E+00
   0.7970000E+02   -0.2724626E+00
   0.7980000E+02   -0.2644584E+00
   0.7990000E+02   -0.2350716E+00
   0.8000000E+02   -0.1893254E+00
   0.8010000E+02   -0.1347935E+00
   0.8020000E+02   -0.8032927E-01
   0.8030000E+02   -0.3460889E-01
   0.8040000E+02   -0.4726643E-02
   0.8050000E+02    0.4937601E-02
   0.8060000E+02   -0.6602584E-02
   0.8070000E+02   -0.3680888E-01
   0.8080000E+02   -0.8005505E-01
   0.8090000E+02   -0.1285512E+00
   0.8100000E+02   -0.1736088E+00
   0.8110000E+02   -0.2070441E+00
   0.8120000E+02   -0.2224963E+00
   0.8130000E+02   -0.2164546E+00
   0.8140000E+02   -0.1888322E+00
   0.8150000E+02   -0.1429917E+00
   0.8160000E+02   -0.8521788E-01
   0.8170000E+02   -0.2371643E-01
   0.8180000E+02    0.3269870E-01
   0.8190000E+02    0.7603760E-01
   0.8200000E+02    0.1004380E+00
   0.8210000E+02    0.1031389E+00
   0.8220000E+02    0.8495540E-01
   0.8230000E+02    0.5017132E-01
   0.8240000E+02    0.5852128E-02
   0.8250000E+02   -0.3930966E-01
   0.8260000E+02   -0.7644308E-01
   0.8270000E+02   -0.9799452E-01
   0.8280000E+02   -0.9902530E-01
   0.8290000E+02   -0.7808360E-01
   0.8300000E+02   -0.3749503E-01
   0.8310000E+02    0.1699039E-01
   0.8320000E+02    0.7714596E-01
   0.8330000E+02    0.1336588E+00
   0.8340000E+02    0.1777303E+00
   0.8350000E+02    0.2026076E+00
   0.8360000E+02    0.2047895E+00
   0.8370000E+02    0.1846686E+00
   0.8380000E+02    0.1465084E+00
   0.8390000E+02    0.9773697E-01
   0.8400000E+02    0.4767528E-01
   0.8410000E+02    0.5915805E-02
   0.8420000E+02   -0.1936299E-01
   0.8430000E+02   -0.2285191E-01
   0.8440000E+02   -0.3069995E-02
   0.8450000E+02    0.3734129E-01
   0.8460000E+02    0.9204903E-01
   0.8470000E+02    0.1521251E+00
   0.8480000E+02    0.2075900E+00
   0.8490000E+02    0.2491656E+00
   0.8500000E+02    0.2698965E+00
   0.8510000E+02    0.2663739E+00
   0.8520000E+02    0.2393288E+00
   0.8530000E+02    0.1935037E+00
   0.8540000E+02    0.1368114E+00
   0.8550000E+02    0.7895046E-01
   0.8560000E+02    0.2970655E-01
   0.8570000E+02   -0.2747242E-02
   0.8580000E+02   -0.1325800E-01
   0.8590000E+02   -0.5622710E-03
   0.8600000E+02    0.3252960E-01
   0.8610000E+02    0.7965746E-01
   0.8620000E+02    0.1320410E+00
   0.8630000E+02    0.1800202E+00
   0.8640000E+02    0.2147153E+00
   0.8650000E+02    0.2295364E+00
   0.8660000E+02    0.2212729E+00
   0.8670000E+02    0.1905905E+00
   0.8680000E+02    0.1418593E+00
   0.8690000E+02    0.8236124E-01
   0.8700000E+02    0.2101405E-01
   0.8710000E+02   -0.3313783E-01
   0.8720000E+02   -0.7243755E-01
   0.8730000E+02   -0.9185349E-01
   0.8740000E+02   -0.8975589E-01
   0.8750000E+02   -0.6811191E-01
   0.8760000E+02   -0.3208154E-01
   0.8770000E+02    0.1090356E-01
   0.8780000E+02    0.5240649E-01
   0.8790000E+02    0.8439234E-01
   0.8800000E+02    0.1005324E+00
   0.8810000E+02    0.9720270E-01
   0.8820000E+02    0.7402392E-01
   0.8830000E+02    0.3386266E-01
   0.8840000E+02   -0.1767781E-01
   0.8850000E+02   -0.7321341E-01
   0.8860000E+02   -0.1247824E+00
   0.8870000E+02   -0.1651307E+00
   0.8880000E+02   -0.1888597E+00
   0.8890000E+02   -0.1932608E+00
   0.8900000E+02   -0.1787129E+00
   0.8910000E+02   -0.1485837E+00
   0.8920000E+02   -0.1086583E+00
   0.8930000E+02   -0.6618969E-01
   0.8940000E+02   -0.2872535E-01
   0.8950000E+02   -0.2889345E-02
   0.8960000E+02    0.6674212E-02
   0.8970000E+02   -0.1955563E-02
   0.8980000E+02   -0.2767546E-01
   0.8990000E+02   -0.6654016E-01
   0.9000000E+02   -0.1124042E+00
   0.9010000E+02   -0.1579198E+00
   0.9020000E+02   -0.1957320E+00
   0.9030000E+02   -0.2196788E+00
   0.9040000E+02   -0.2258018E+00
   0.9050000E+02   -0.2129989E+00
   0.9060000E+02   -0.1832126E+00
   0.9070000E+02   -0.1411144E+00
   0.9080000E+02   -0.9333791E-01
   0.9090000E+02   -0.4738074E-01
   0.9100000E+02   -0.1035993E-01
   0.9110000E+02    0.1217584E-01
   0.9120000E+02    0.1717283E-01
   0.9130000E+02    0.4581233E-02
   0.9140000E+02   -0.2264330E-01
   0.9150000E+02   -0.5904839E-01
   0.9160000E+02   -0.9761969E-01
   0.9170000E+02   -0.1309819E+00
   0.9180000E+02   -0.1526633E+00
   0.9190000E+02   -0.1582012E+00
   0.9200000E+02   -0.1459015E+00
   0.9210000E+02   -0.1171185E+00
   0.9220000E+02   -0.7600711E-01
   0.9230000E+02   -0.2879328E-01
   0.9240000E+02    0.1731147E-01
   0.9250000E+02    0.5535859E-01
   0.9260000E+02    0.7985571E-01
   0.9270000E+02    0.8769797E-01
   0.9280000E+02    0.7867693E-01
   0.9290000E+02    0.5548212E-01
   0.9300000E+02    0.2319321E-01
   0.9310000E+02   -0.1161776E-01
   0.9320000E+02   -0.4205336E-01
   0.9330000E+02   -0.6208007E-01
   0.9340000E+02   -0.6755466E-01
   0.9350000E+02   -0.5691100E-01
   0.9360000E+02   -0.3138055E-01
   0.9370000E+02    0.5262776E-02
   0.9380000E+02    0.4739564E-01
   0.9390000E+02    0.8853920E-01
   0.9400000E+02    0.1224771E+00
   0.9410000E+02    0.1443033E+00
   0.9420000E+02    0.1512213E+00
   0.9430000E+02    0.1429642E+00
   0.9440000E+02    0.1217751E+00
   0.9450000E+02    0.9196383E-01
   0.9460000E+02    0.5912401E-01
   0.9470000E+02    0.2915889E-01
   0.9480000E+02    0.7281068E-02
   0.9490000E+02   -0.2842702E-02
   0.9500000E+02    0.3336266E-03
   0.9510000E+02    0.1603913E-01
   0.9520000E+02    0.4137547E-01
   0.9530000E+02    0.7185938E-01
   0.9540000E+02    0.1022141E+00
   0.9550000E+02    0.1272725E+00
   0.9560000E+02    0.1428398E+00
   0.9570000E+02    0.1463758E+00
   0.9580000E+02    0.1373883E+00
   0.9590000E+02    0.1174806E+00
   0.9600000E+02    0.9005252E-01
   0.9610000E+02    0.5971047E-01
   0.9620000E+02    0.3148615E-01
   0.9630000E+02    0.9996928E-02
   0.9640000E+02   -0.1320618E-02
   0.9650000E+02   -0.7754174E-03
   0.9660000E+02    0.1130206E-01
   0.9670000E+02    0.3261730E-01
   0.9680000E+02    0.5929060E-01
   0.9690000E+02    0.8649949E-01
   0.9700000E+02    0.1092742E+00
   0.9710000E+02    0.1233262E+00
   0.9720000E+02    0.1257662E+00
   0.9730000E+02    0.1155980E+00
   0.9740000E+02    0.9390344E-01
   0.9750000E+02    0.6368359E-01
   0.9760000E+02    0.2937870E-01
   0.9770000E+02   -0.3858343E-02
   0.9780000E+02   -0.3101943E-01
   0.9790000E+02   -0.4808251E-01
   0.9800000E+02   -0.5270817E-01
   0.9810000E+02   -0.4465266E-01
   0.9820000E+02   -0.2583968E-01
   0.9830000E+02   -0.6401319E-04
   0.9840000E+02    0.2762848E-01
   0.9850000E+02    0.5178512E-01
   0.9860000E+02    0.6746745E-01
   0.9870000E+02    0.7110594E-01
   0.9880000E+02    0.6112582E-01
   0.9890000E+02    0.3824406E-01
   0.9900000E+02    0.5373042E-02
   0.9910000E+02   -0.3284917E-01
   0.9920000E+02   -0.7083340E-01
   0.9930000E+02   -0.1029796E+00
   0.9940000E+02   -0.1246296E+00
   0.9950000E+02   -0.1328596E+00
   0.9960000E+02   -0.1269786E+00
   0.9970000E+02   -0.1086431E+00
   0.9980000E+02   -0.8156791E-01
   0.9990000E+02   -0.5088315E-01
   0.1000000E+03   -0.2224804E-01
