   0.0000000E+00    0.1000000E+01
   0.1000000E+00    0.9576524E+00
   0.2000000E+00    0.8355726E+00
   0.3000000E+00    0.6536634E+00
   0.4000000E+00    0.4414710E+00
   0.5000000E+00    0.2331330E+00
   0.6000000E+00    0.6154929E-01
   0.7000000E+00   -0.4719234E-01
   0.8000000E+00   -0.7818335E-01
   0.9000000E+00   -0.3010228E-01
   0.1000000E+01    0.8474038E-01
   0.1100000E+01    0.2426991E+00
   0.1200000E+01    0.4130080E+00
   0.1300000E+01    0.5631593E+00
   0.1400000E+01    0.6644994E+00
   0.1500000E+01    0.6970721E+00
   0.1600000E+01    0.6528914E+00
   0.1700000E+01    0.5371016E+00
   0.1800000E+01    0.3668716E+00
   0.1900000E+01    0.1682550E+00
   0.2000000E+01   -0.2840328E-01
   0.2100000E+01   -0.1936984E+00
   0.2200000E+01   -0.3041258E+00
   0.2300000E+01   -0.3459344E+00
   0.2400000E+01   -0.3172426E+00
   0.2500000E+01   -0.2280983E+00
   0.2600000E+01   -0.9852924E-01
   0.2700000E+01    0.4504891E-01
   0.2800000E+01    0.1744120E+00
   0.2900000E+01    0.2643078E+00
   0.3000000E+01    0.2966315E+00
   0.3100000E+01    0.2633149E+00
   0.3200000E+01    0.1674826E+00
   0.3300000E+01    0.2272334E-01
   0.3400000E+01   -0.1493556E+00
   0.3500000E+01   -0.3228492E+00
   0.3600000E+01   -0.4719106E+00
   0.3700000E+01   -0.5750122E+00
   0.3800000E+01   -0.6184229E+00
   0.3900000E+01   -0.5983407E+00
   0.4000000E+01   -0.5213729E+00
   0.4100000E+01   -0.4032998E+00
   0.4200000E+01   -0.2663633E+00
   0.4300000E+01   -0.1355338E+00
   0.4400000E+01   -0.3437718E-01
   0.4500000E+01    0.1880791E-01
   0.4600000E+01    0.1395660E-01
   0.4700000E+01   -0.4915791E-01
   0.4800000E+01   -0.1609407E+00
   0.4900000E+01   -0.3035919E+00
   0.5000000E+01   -0.4540641E+00
   0.5100000E+01   -0.5878718E+00
   0.5200000E+01   -0.6831362E+00
   0.5300000E+01   -0.7242007E+00
   0.5400000E+01   -0.7042352E+00
   0.5500000E+01   -0.6263810E+00
   0.5600000E+01   -0.5032580E+00
   0.5700000E+01   -0.3548933E+00
   0.5800000E+01   -0.2054074E+00
   0.5900000E+01   -0.7900212E-01
   0.6000000E+01    0.4106583E-02
   0.6100000E+01    0.3109769E-01
   0.6200000E+01   -0.1250301E-02
   0.6300000E+01   -0.8595979E-01
   0.6400000E+01   -0.2069770E+00
   0.6500000E+01   -0.3418414E+00
   0.6600000E+01   -0.4654707E+00
   0.6700000E+01   -0.5544261E+00
   0.6800000E+01   -0.5909351E+00
   0.6900000E+01   -0.5659800E+00
   0.7000000E+01   -0.4809134E+00
   0.7100000E+01   -0.3473042E+00
   0.7200000E+01   -0.1850257E+00
   0.7300000E+01   -0.1889791E-01
   0.7400000E+01    0.1255511E+00
   0.7500000E+01    0.2264702E+00
   0.7600000E+01    0.2694726E+00
   0.7700000E+01    0.2501493E+00
   0.7800000E+01    0.1748739E+00
   0.7900000E+01    0.5974670E-01
   0.8000000E+01   -0.7214879E-01
   0.8100000E+01   -0.1947061E+00
   0.8200000E+01   -0.2832908E+00
   0.8300000E+01   -0.3189912E+00
   0.8400000E+01   -0.2918893E+00
   0.8500000E+01   -0.2027833E+00
   0.8600000E+01   -0.6306838E-01
   0.8700000E+01    0.1072057E+00
   0.8800000E+01    0.2827549E+00
   0.8900000E+01    0.4373689E+00
   0.9000000E+01    0.5483594E+00
   0.9100000E+01    0.6003878E+00
   0.9200000E+01    0.5880144E+00
   0.9300000E+01    0.5165506E+00
   0.9400000E+01    0.4010767E+00
   0.9500000E+01    0.2638125E+00
   0.9600000E+01    0.1303037E+00
   0.9700000E+01    0.2508151E-01
   0.9800000E+01   -0.3246241E-01
   0.9900000E+01   -0.3128966E-01
   0.1000000E+02    0.2950024E-01
   0.1010000E+02    0.1406174E+00
   0.1020000E+02    0.2842263E+00
   0.1030000E+02    0.4370043E+00
   0.1040000E+02    0.5740810E+00
   0.1050000E+02    0.6731941E+00
   0.1060000E+02    0.7183698E+00
   0.1070000E+02    0.7025250E+00
   0.1080000E+02    0.6285743E+00
   0.1090000E+02    0.5088845E+00
   0.1100000E+02    0.3631647E+00
   0.1110000E+02    0.2151789E+00
   0.1120000E+02    0.8880678E-01
   0.1130000E+02    0.4110528E-02
   0.1140000E+02   -0.2595490E-01
   0.1150000E+02    0.2342157E-02
   0.1160000E+02    0.8290699E-01
   0.1170000E+02    0.2008197E+00
   0.1180000E+02    0.3347785E+00
   0.1190000E+02    0.4605788E+00
   0.1200000E+02    0.5550933E+00
   0.1210000E+02    0.6000654E+00
   0.1220000E+02    0.5851446E+00
   0.1230000E+02    0.5096385E+00
   0.1240000E+02    0.3827020E+00
   0.1250000E+02    0.2219135E+00
   0.1260000E+02    0.5045563E-01
   0.1270000E+02   -0.1066483E+00
   0.1280000E+02   -0.2266418E+00
   0.1290000E+02   -0.2928127E+00
   0.1300000E+02   -0.2973221E+00
   0.1310000E+02   -0.2425872E+00
   0.1320000E+02   -0.1409842E+00
   0.1330000E+02   -0.1288055E-01
   0.1340000E+02    0.1166870E+00
   0.1350000E+02    0.2221766E+00
   0.1360000E+02    0.2818407E+00
   0.1370000E+02    0.2814538E+00
   0.1380000E+02    0.2168225E+00
   0.1390000E+02    0.9462951E-01
   0.1400000E+02   -0.6854567E-01
   0.1410000E+02   -0.2489190E+00
   0.1420000E+02   -0.4194493E+00
   0.1430000E+02   -0.5544001E+00
   0.1440000E+02   -0.6337417E+00
   0.1450000E+02   -0.6466219E+00
   0.1460000E+02   -0.5933166E+00
   0.1470000E+02   -0.4852762E+00
   0.1480000E+02   -0.3432560E+00
   0.1490000E+02   -0.1938139E+00
   0.1500000E+02   -0.6478304E-01
   0.1510000E+02    0.1953048E-01
   0.1520000E+02    0.4256961E-01
   0.1530000E+02   -0.1558237E-02
   0.1540000E+02   -0.1069955E+00
   0.1550000E+02   -0.2570809E+00
   0.1560000E+02   -0.4271775E+00
   0.1570000E+02   -0.5888992E+00
   0.1580000E+02   -0.7150088E+00
   0.1590000E+02   -0.7841332E+00
   0.1600000E+02   -0.7844773E+00
   0.1610000E+02   -0.7158843E+00
   0.1620000E+02   -0.5898831E+00
   0.1630000E+02   -0.4277108E+00
   0.1640000E+02   -0.2566549E+00
   0.1650000E+02   -0.1053502E+00
   0.1660000E+02    0.1153469E-02
   0.1670000E+02    0.4569704E-01
   0.1680000E+02    0.2195172E-01
   0.1690000E+02   -0.6451110E-01
   0.1700000E+02   -0.1971966E+00
   0.1710000E+02   -0.3515288E+00
   0.1720000E+02   -0.4990673E+00
   0.1730000E+02   -0.6123561E+00
   0.1740000E+02   -0.6695917E+00
   0.1750000E+02   -0.6582955E+00
   0.1760000E+02   -0.5773953E+00
   0.1770000E+02   -0.4373574E+00
   0.1780000E+02   -0.2583788E+00
   0.1790000E+02   -0.6695353E-01
   0.1800000E+02    0.1085918E+00
   0.1810000E+02    0.2428351E+00
   0.1820000E+02    0.3174720E+00
   0.1830000E+02    0.3243083E+00
   0.1840000E+02    0.2665424E+00
   0.1850000E+02    0.1581424E+00
   0.1860000E+02    0.2143776E-01
   0.1870000E+02   -0.1166593E+00
   0.1880000E+02   -0.2291665E+00
   0.1890000E+02   -0.2935257E+00
   0.1900000E+02   -0.2953391E+00
   0.1910000E+02   -0.2307343E+00
   0.1920000E+02   -0.1069791E+00
   0.1930000E+02    0.5875025E-01
   0.1940000E+02    0.2422315E+00
   0.1950000E+02    0.4162213E+00
   0.1960000E+02    0.5549709E+00
   0.1970000E+02    0.6384955E+00
   0.1980000E+02    0.6558876E+00
   0.1990000E+02    0.6071357E+00
   0.2000000E+02    0.5031370E+00
   0.2010000E+02    0.3639034E+00
   0.2020000E+02    0.2152439E+00
   0.2030000E+02    0.8446914E-01
   0.2040000E+02   -0.4177478E-02
   0.2050000E+02   -0.3360176E-01
   0.2060000E+02    0.3222041E-02
   0.2070000E+02    0.1020040E+00
   0.2080000E+02    0.2477774E+00
   0.2090000E+02    0.4173378E+00
   0.2100000E+02    0.5830936E+00
   0.2110000E+02    0.7176920E+00
   0.2120000E+02    0.7986484E+00
   0.2130000E+02    0.8122028E+00
   0.2140000E+02    0.7557225E+00
   0.2150000E+02    0.6382462E+00
   0.2160000E+02    0.4790489E+00
   0.2170000E+02    0.3044404E+00
   0.2180000E+02    0.1433348E+00
   0.2190000E+02    0.2232758E-01
   0.2200000E+02   -0.3886248E-01
   0.2210000E+02   -0.3083394E-01
   0.2220000E+02    0.4381929E-01
   0.2230000E+02    0.1708644E+00
   0.2240000E+02    0.3267956E+00
   0.2250000E+02    0.4828159E+00
   0.2260000E+02    0.6097497E+00
   0.2270000E+02    0.6830630E+00
   0.2280000E+02    0.6870990E+00
   0.2290000E+02    0.6178150E+00
   0.2300000E+02    0.4835229E+00
   0.2310000E+02    0.3035062E+00
   0.2320000E+02    0.1047444E+00
   0.2330000E+02   -0.8269355E-01
   0.2340000E+02   -0.2307899E+00
   0.2350000E+02   -0.3183624E+00
   0.2360000E+02   -0.3346697E+00
   0.2370000E+02   -0.2812103E+00
   0.2380000E+02   -0.1714152E+00
   0.2390000E+02   -0.2828999E-01
   0.2400000E+02    0.1195759E+00
   0.2410000E+02    0.2429384E+00
   0.2420000E+02    0.3169119E+00
   0.2430000E+02    0.3252039E+00
   0.2440000E+02    0.2628550E+00
   0.2450000E+02    0.1370174E+00
   0.2460000E+02   -0.3433449E-01
   0.2470000E+02   -0.2255503E+00
   0.2480000E+02   -0.4075912E+00
   0.2490000E+02   -0.5531969E+00
   0.2500000E+02   -0.6412489E+00
   0.2510000E+02   -0.6603991E+00
   0.2520000E+02   -0.6108784E+00
   0.2530000E+02   -0.5043584E+00
   0.2540000E+02   -0.3618970E+00
   0.2550000E+02   -0.2103289E+00
   0.2560000E+02   -0.7771878E-01
   0.2570000E+02    0.1134193E-01
   0.2580000E+02    0.3982542E-01
   0.2590000E+02    0.1060600E-02
   0.2600000E+02   -0.1002030E+00
   0.2610000E+02   -0.2486406E+00
   0.2620000E+02   -0.4209282E+00
   0.2630000E+02   -0.5896239E+00
   0.2640000E+02   -0.7277023E+00
   0.2650000E+02   -0.8130020E+00
   0.2660000E+02   -0.8318531E+00
   0.2670000E+02   -0.7813036E+00
   0.2680000E+02   -0.6695935E+00
   0.2690000E+02   -0.5147898E+00
   0.2700000E+02   -0.3418254E+00
   0.2710000E+02   -0.1784170E+00
   0.2720000E+02   -0.5051836E-01
   0.2730000E+02    0.2194320E-01
   0.2740000E+02    0.2835583E-01
   0.2750000E+02   -0.3079557E-01
   0.2760000E+02   -0.1439589E+00
   0.2770000E+02   -0.2903656E+00
   0.2780000E+02   -0.4434064E+00
   0.2790000E+02   -0.5749997E+00
   0.2800000E+02   -0.6602417E+00
   0.2810000E+02   -0.6815781E+00
   0.2820000E+02   -0.6318030E+00
   0.2830000E+02   -0.5153709E+00
   0.2840000E+02   -0.3477900E+00
   0.2850000E+02   -0.1531554E+00
   0.2860000E+02    0.3977707E-01
   0.2870000E+02    0.2023549E+00
   0.2880000E+02    0.3108380E+00
   0.2890000E+02    0.3504466E+00
   0.2900000E+02    0.3179491E+00
   0.2910000E+02    0.2223436E+00
   0.2920000E+02    0.8346571E-01
   0.2930000E+02   -0.7126277E-01
   0.2940000E+02   -0.2114066E+00
   0.2950000E+02   -0.3086752E+00
   0.2960000E+02   -0.3417760E+00
   0.2970000E+02   -0.3001328E+00
   0.2980000E+02   -0.1858159E+00
   0.2990000E+02   -0.1333001E-01
   0.3000000E+02    0.1927313E+00
   0.3010000E+02    0.4017815E+00
   0.3020000E+02    0.5824044E+00
   0.3030000E+02    0.7077003E+00
   0.3040000E+02    0.7598939E+00
   0.3050000E+02    0.7334127E+00
   0.3060000E+02    0.6358643E+00
   0.3070000E+02    0.4867786E+00
   0.3080000E+02    0.3142762E+00
   0.3090000E+02    0.1502580E+00
   0.3100000E+02    0.2493727E-01
   0.3110000E+02   -0.3834235E-01
   0.3120000E+02   -0.2710551E-01
   0.3130000E+02    0.5813030E-01
   0.3140000E+02    0.2039684E+00
   0.3150000E+02    0.3864603E+00
   0.3160000E+02    0.5752386E+00
   0.3170000E+02    0.7387341E+00
   0.3180000E+02    0.8495748E+00
   0.3190000E+02    0.8892375E+00
   0.3200000E+02    0.8511531E+00
   0.3210000E+02    0.7417519E+00
   0.3220000E+02    0.5792790E+00
   0.3230000E+02    0.3906083E+00
   0.3240000E+02    0.2066095E+00
   0.3250000E+02    0.5688700E-01
   0.3260000E+02   -0.3522601E-01
   0.3270000E+02   -0.5655175E-01
   0.3280000E+02   -0.6198296E-02
   0.3290000E+02    0.1044123E+00
   0.3300000E+02    0.2535949E+00
   0.3310000E+02    0.4131631E+00
   0.3320000E+02    0.5532471E+00
   0.3330000E+02    0.6473479E+00
   0.3340000E+02    0.6767768E+00
   0.3350000E+02    0.6337441E+00
   0.3360000E+02    0.5225986E+00
   0.3370000E+02    0.3590253E+00
   0.3380000E+02    0.1673563E+00
   0.3390000E+02   -0.2354044E-01
   0.3400000E+02   -0.1850986E+00
   0.3410000E+02   -0.2938303E+00
   0.3420000E+02   -0.3352204E+00
   0.3430000E+02   -0.3061293E+00
   0.3440000E+02   -0.2152974E+00
   0.3450000E+02   -0.8187874E-01
   0.3460000E+02    0.6775239E-01
   0.3470000E+02    0.2043958E+00
   0.3480000E+02    0.3008954E+00
   0.3490000E+02    0.3366895E+00
   0.3500000E+02    0.3012787E+00
   0.3510000E+02    0.1960482E+00
   0.3520000E+02    0.3412221E-01
   0.3530000E+02   -0.1617328E+00
   0.3540000E+02   -0.3628234E+00
   0.3550000E+02   -0.5392750E+00
   0.3560000E+02   -0.6650028E+00
   0.3570000E+02   -0.7221119E+00
   0.3580000E+02   -0.7039647E+00
   0.3590000E+02   -0.6164047E+00
   0.3600000E+02   -0.4768703E+00
   0.3610000E+02   -0.3115792E+00
   0.3620000E+02   -0.1511697E+00
   0.3630000E+02   -0.2555211E-01
   0.3640000E+02    0.4117968E-01
   0.3650000E+02    0.3493649E-01
   0.3660000E+02   -0.4588969E-01
   0.3670000E+02   -0.1899668E+00
   0.3680000E+02   -0.3748301E+00
   0.3690000E+02   -0.5705959E+00
   0.3700000E+02   -0.7450012E+00
   0.3710000E+02   -0.8689010E+00
   0.3720000E+02   -0.9213016E+00
   0.3730000E+02   -0.8930424E+00
   0.3740000E+02   -0.7884686E+00
   0.3750000E+02   -0.6248000E+00
   0.3760000E+02   -0.4292519E+00
   0.3770000E+02   -0.2344162E+00
   0.3780000E+02   -0.7266819E-01
   0.3790000E+02    0.2941877E-01
   0.3800000E+02    0.5569944E-01
   0.3810000E+02    0.3279176E-02
   0.3820000E+02   -0.1169398E+00
   0.3830000E+02   -0.2821117E+00
   0.3840000E+02   -0.4613830E+00
   0.3850000E+02   -0.6212206E+00
   0.3860000E+02   -0.7312208E+00
   0.3870000E+02   -0.7693703E+00
   0.3880000E+02   -0.7258531E+00
   0.3890000E+02   -0.6047330E+00
   0.3900000E+02   -0.4232356E+00
   0.3910000E+02   -0.2087492E+00
   0.3920000E+02    0.5915748E-02
   0.3930000E+02    0.1881738E+00
   0.3940000E+02    0.3112464E+00
   0.3950000E+02    0.3587056E+00
   0.3960000E+02    0.3271932E+00
   0.3970000E+02    0.2268953E+00
   0.3980000E+02    0.7967889E-01
   0.3990000E+02   -0.8473993E-01
   0.4000000E+02   -0.2339255E+00
   0.4010000E+02   -0.3382579E+00
   0.4020000E+02   -0.3759220E+00
   0.4030000E+02   -0.3365189E+00
   0.4040000E+02   -0.2226952E+00
   0.4050000E+02   -0.4958221E-01
   0.4060000E+02    0.1578793E+00
   0.4070000E+02    0.3691919E+00
   0.4080000E+02    0.5534219E+00
   0.4090000E+02    0.6843184E+00
   0.4100000E+02    0.7445728E+00
   0.4110000E+02    0.7285424E+00
   0.4120000E+02    0.6430099E+00
   0.4130000E+02    0.5058933E+00
   0.4140000E+02    0.3431564E+00
   0.4150000E+02    0.1844469E+00
   0.4160000E+02    0.5820055E-01
   0.4170000E+02   -0.1298924E-01
   0.4180000E+02   -0.1599858E-01
   0.4190000E+02    0.5078205E-01
   0.4200000E+02    0.1772865E+00
   0.4210000E+02    0.3435022E+00
   0.4220000E+02    0.5227908E+00
   0.4230000E+02    0.6862608E+00
   0.4240000E+02    0.8074758E+00
   0.4250000E+02    0.8667536E+00
   0.4260000E+02    0.8543621E+00
   0.4270000E+02    0.7721093E+00
   0.4280000E+02    0.6330639E+00
   0.4290000E+02    0.4594540E+00
   0.4300000E+02    0.2790659E+00
   0.4310000E+02    0.1207241E+00
   0.4320000E+02    0.9561124E-02
   0.4330000E+02   -0.3714545E-01
   0.4340000E+02   -0.1289278E-01
   0.4350000E+02    0.7686588E-01
   0.4360000E+02    0.2154438E+00
   0.4370000E+02    0.3778093E+00
   0.4380000E+02    0.5341440E+00
   0.4390000E+02    0.6553931E+00
   0.4400000E+02    0.7176049E+00
   0.4410000E+02    0.7063873E+00
   0.4420000E+02    0.6193209E+00
   0.4430000E+02    0.4665882E+00
   0.4440000E+02    0.2694491E+00
   0.4450000E+02    0.5682426E-01
   0.4460000E+02   -0.1395102E+00
   0.4470000E+02   -0.2902604E+00
   0.4480000E+02   -0.3736400E+00
   0.4490000E+02   -0.3791858E+00
   0.4500000E+02   -0.3096881E+00
   0.4510000E+02   -0.1808652E+00
   0.4520000E+02   -0.1880595E-01
   0.4530000E+02    0.1444246E+00
   0.4540000E+02    0.2762655E+00
   0.4550000E+02    0.3493113E+00
   0.4560000E+02    0.3461255E+00
   0.4570000E+02    0.2623807E+00
   0.4580000E+02    0.1077456E+00
   0.4590000E+02   -0.9566772E-01
   0.4600000E+02   -0.3170378E+00
   0.4610000E+02   -0.5221303E+00
   0.4620000E+02   -0.6792317E+00
   0.4630000E+02   -0.7646818E+00
   0.4640000E+02   -0.7670381E+00
   0.4650000E+02   -0.6891106E+00
   0.4660000E+02   -0.5475250E+00
   0.4670000E+02   -0.3698504E+00
   0.4680000E+02   -0.1898135E+00
   0.4690000E+02   -0.4141553E-01
   0.4700000E+02    0.4699673E-01
   0.4710000E+02    0.5768659E-01
   0.4720000E+02   -0.1337991E-01
   0.4730000E+02   -0.1558250E+00
   0.4740000E+02   -0.3466824E+00
   0.4750000E+02   -0.5543861E+00
   0.4760000E+02   -0.7442631E+00
   0.4770000E+02   -0.8845413E+00
   0.4780000E+02   -0.9518373E+00
   0.4790000E+02   -0.9351591E+00
   0.4800000E+02   -0.8377784E+00
   0.4810000E+02   -0.6765982E+00
   0.4820000E+02   -0.4792077E+00
   0.4830000E+02   -0.2791081E+00
   0.4840000E+02   -0.1099535E+00
   0.4850000E+02    0.1922427E-03
   0.4860000E+02    0.3362167E-01
   0.4870000E+02   -0.1406063E-01
   0.4880000E+02   -0.1332223E+00
   0.4890000E+02   -0.3019076E+00
   0.4900000E+02   -0.4895741E+00
   0.4910000E+02   -0.6622662E+00
   0.4920000E+02   -0.7883098E+00
   0.4930000E+02   -0.8436222E+00
   0.4940000E+02   -0.8156831E+00
   0.4950000E+02   -0.7055858E+00
   0.4960000E+02   -0.5278118E+00
   0.4970000E+02   -0.3077820E+00
   0.4980000E+02   -0.7763501E-01
   0.4990000E+02    0.1291060E+00
   0.5000000E+02    0.2830399E+00
   0.5010000E+02    0.3637036E+00
   0.5020000E+02    0.3628851E+00
   0.5030000E+02    0.2859166E+00
   0.5040000E+02    0.1507236E+00
   0.5050000E+02   -0.1519073E-01
   0.5060000E+02   -0.1793359E+00
   0.5070000E+02   -0.3096347E+00
   0.5080000E+02   -0.3797611E+00
   0.5090000E+02   -0.3735167E+00
   0.5100000E+02   -0.2875408E+00
   0.5110000E+02   -0.1318933E+00
   0.5120000E+02    0.7159957E-01
   0.5130000E+02    0.2929440E+00
   0.5140000E+02    0.4989814E+00
   0.5150000E+02    0.6589258E+00
   0.5160000E+02    0.7495389E+00
   0.5170000E+02    0.7590690E+00
   0.5180000E+02    0.6892812E+00
   0.5190000E+02    0.5552233E+00
   0.5200000E+02    0.3827457E+00
   0.5210000E+02    0.2041740E+00
   0.5220000E+02    0.5285065E-01
   0.5230000E+02   -0.4253522E-01
   0.5240000E+02   -0.6287635E-01
   0.5250000E+02   -0.1968561E-02
   0.5260000E+02    0.1323394E+00
   0.5270000E+02    0.3193973E+00
   0.5280000E+02    0.5292012E+00
   0.5290000E+02    0.7274748E+00
   0.5300000E+02    0.8815088E+00
   0.5310000E+02    0.9657660E+00
   0.5320000E+02    0.9662764E+00
   0.5330000E+02    0.8830638E+00
   0.5340000E+02    0.7301566E+00
   0.5350000E+02    0.5332008E+00
   0.5360000E+02    0.3250493E+00
   0.5370000E+02    0.1401159E+00
   0.5380000E+02    0.8456041E-02
   0.5390000E+02   -0.4938707E-01
   0.5400000E+02   -0.2588061E-01
   0.5410000E+02    0.7226505E-01
   0.5420000E+02    0.2253326E+00
   0.5430000E+02    0.4040860E+00
   0.5440000E+02    0.5748824E+00
   0.5450000E+02    0.7055209E+00
   0.5460000E+02    0.7707981E+00
   0.5470000E+02    0.7568102E+00
   0.5480000E+02    0.6632651E+00
   0.5490000E+02    0.5034209E+00
   0.5500000E+02    0.3016856E+00
   0.5510000E+02    0.8931932E-01
   0.5520000E+02   -0.1009962E+00
   0.5530000E+02   -0.2407691E+00
   0.5540000E+02   -0.3105238E+00
   0.5550000E+02   -0.3030165E+00
   0.5560000E+02   -0.2243233E+00
   0.5570000E+02   -0.9263271E-01
   0.5580000E+02    0.6500568E-01
   0.5590000E+02    0.2173135E+00
   0.5600000E+02    0.3344707E+00
   0.5610000E+02    0.3925277E+00
   0.5620000E+02    0.3779909E+00
   0.5630000E+02    0.2896670E+00
   0.5640000E+02    0.1387909E+00
   0.5650000E+02   -0.5299007E-01
   0.5660000E+02   -0.2573363E+00
   0.5670000E+02   -0.4439962E+00
   0.5680000E+02   -0.5858385E+00
   0.5690000E+02   -0.6633026E+00
   0.5700000E+02   -0.6675469E+00
   0.5710000E+02   -0.6017985E+00
   0.5720000E+02   -0.4807108E+00
   0.5730000E+02   -0.3278603E+00
   0.5740000E+02   -0.1718111E+00
   0.5750000E+02   -0.4139924E-01
   0.5760000E+02    0.3899267E-01
   0.5770000E+02    0.5341168E-01
   0.5780000E+02   -0.3071727E-02
   0.5790000E+02   -0.1235744E+00
   0.5800000E+02   -0.2904979E+00
   0.5810000E+02   -0.4783909E+00
   0.5820000E+02   -0.6580604E+00
   0.5830000E+02   -0.8013042E+00
   0.5840000E+02   -0.8854963E+00
   0.5850000E+02   -0.8972936E+00
   0.5860000E+02   -0.8348479E+00
   0.5870000E+02   -0.7081727E+00
   0.5880000E+02   -0.5375772E+00
   0.5890000E+02   -0.3504064E+00
   0.5900000E+02   -0.1766080E+00
   0.5910000E+02   -0.4382050E-01
   0.5920000E+02    0.2720108E-01
   0.5930000E+02    0.2607651E-01
   0.5940000E+02   -0.4539456E-01
   0.5950000E+02   -0.1734285E+00
   0.5960000E+02   -0.3344558E+00
   0.5970000E+02   -0.4989873E+00
   0.5980000E+02   -0.6365332E+00
   0.5990000E+02   -0.7207231E+00
   0.6000000E+02   -0.7338536E+00
   0.6010000E+02   -0.6699612E+00
   0.6020000E+02   -0.5359865E+00
   0.6030000E+02   -0.3507313E+00
   0.6040000E+02   -0.1417883E+00
   0.6050000E+02    0.5907821E-01
   0.6060000E+02    0.2213155E+00
   0.6070000E+02    0.3208257E+00
   0.6080000E+02    0.3441528E+00
   0.6090000E+02    0.2908864E+00
   0.6100000E+02    0.1738398E+00
   0.6110000E+02    0.1695562E-01
   0.6120000E+02   -0.1487280E+00
   0.6130000E+02   -0.2903568E+00
   0.6140000E+02   -0.3789097E+00
   0.6150000E+02   -0.3941971E+00
   0.6160000E+02   -0.3283897E+00
   0.6170000E+02   -0.1874273E+00
   0.6180000E+02    0.9926972E-02
   0.6190000E+02    0.2352268E+00
   0.6200000E+02    0.4551583E+00
   0.6210000E+02    0.6371690E+00
   0.6220000E+02    0.7549751E+00
   0.6230000E+02    0.7929859E+00
   0.6240000E+02    0.7488965E+00
   0.6250000E+02    0.6340245E+00
   0.6260000E+02    0.4713178E+00
   0.6270000E+02    0.2914367E+00
   0.6280000E+02    0.1275412E+00
   0.6290000E+02    0.9706989E-02
   0.6300000E+02   -0.4011027E-01
   0.6310000E+02   -0.1168856E-01
   0.6320000E+02    0.9182488E-01
   0.6330000E+02    0.2545293E+00
   0.6340000E+02    0.4504904E+00
   0.6350000E+02    0.6481230E+00
   0.6360000E+02    0.8154542E+00
   0.6370000E+02    0.9254013E+00
   0.6380000E+02    0.9602131E+00
   0.6390000E+02    0.9143485E+00
   0.6400000E+02    0.7953214E+00
   0.6410000E+02    0.6224256E+00
   0.6420000E+02    0.4235360E+00
   0.6430000E+02    0.2305341E+00
   0.6440000E+02    0.7409526E-01
   0.6450000E+02   -0.2131482E-01
   0.6460000E+02   -0.4144250E-01
   0.6470000E+02    0.1540714E-01
   0.6480000E+02    0.1380425E+00
   0.6490000E+02    0.3041430E+00
   0.6500000E+02    0.4838268E+00
   0.6510000E+02    0.6444731E+00
   0.6520000E+02    0.7560366E+00
   0.6530000E+02    0.7960090E+00
   0.6540000E+02    0.7532204E+00
   0.6550000E+02    0.6298596E+00
   0.6560000E+02    0.4413397E+00
   0.6570000E+02    0.2140036E+00
   0.6580000E+02   -0.1902112E-01
   0.6590000E+02   -0.2231709E+00
   0.6600000E+02   -0.3681600E+00
   0.6610000E+02   -0.4331286E+00
   0.6620000E+02   -0.4103474E+00
   0.6630000E+02   -0.3068288E+00
   0.6640000E+02   -0.1435125E+00
   0.6650000E+02    0.4792886E-01
   0.6660000E+02    0.2301749E+00
   0.6670000E+02    0.3664681E+00
   0.6680000E+02    0.4268914E+00
   0.6690000E+02    0.3936816E+00
   0.6700000E+02    0.2646084E+00
   0.6710000E+02    0.5379153E-01
   0.6720000E+02   -0.2102850E+00
   0.6730000E+02   -0.4892597E+00
   0.6740000E+02   -0.7412548E+00
   0.6750000E+02   -0.9279842E+00
   0.6760000E+02   -0.1021432E+01
   0.6770000E+02   -0.1008910E+01
   0.6780000E+02   -0.8955690E+00
   0.6790000E+02   -0.7038145E+00
   0.6800000E+02   -0.4697592E+00
   0.6810000E+02   -0.2371213E+00
   0.6820000E+02   -0.4971819E-01
   0.6830000E+02    0.5621376E-01
   0.6840000E+02    0.5848374E-01
   0.6850000E+02   -0.4694062E-01
   0.6860000E+02   -0.2449972E+00
   0.6870000E+02   -0.5039303E+00
   0.6880000E+02   -0.7806964E+00
   0.6890000E+02   -0.1028398E+01
   0.6900000E+02   -0.1204542E+01
   0.6910000E+02   -0.1278516E+01
   0.6920000E+02   -0.1237085E+01
   0.6930000E+02   -0.1086825E+01
   0.6940000E+02   -0.8530691E+00
   0.6950000E+02   -0.5755356E+00
   0.6960000E+02   -0.3013874E+00
   0.6970000E+02   -0.7696823E-01
   0.6980000E+02    0.6026703E-01
   0.6990000E+02    0.8861204E-01
   0.7000000E+02    0.5336836E-02
   0.7010000E+02   -0.1723056E+00
   0.7020000E+02   -0.4104083E+00
   0.7030000E+02   -0.6643545E+00
   0.7040000E+02   -0.8865832E+00
   0.7050000E+02   -0.1034884E+01
   0.7060000E+02   -0.1079677E+01
   0.7070000E+02   -0.1009036E+01
   0.7080000E+02   -0.8306207E+00
   0.7090000E+02   -0.5701940E+00
   0.7100000E+02   -0.2670530E+00
   0.7110000E+02    0.3281669E-01
   0.7120000E+02    0.2846316E+00
   0.7130000E+02    0.4523940E+00
   0.7140000E+02    0.5148392E+00
   0.7150000E+02    0.4688240E+00
   0.7160000E+02    0.3295556E+00
   0.7170000E+02    0.1277455E+00
   0.7180000E+02   -0.9580906E-01
   0.7190000E+02   -0.2972361E+00
   0.7200000E+02   -0.4369907E+00
   0.7210000E+02   -0.4863999E+00
   0.7220000E+02   -0.4322888E+00
   0.7230000E+02   -0.2789643E+00
   0.7240000E+02   -0.4724368E-01
   0.7250000E+02    0.2291625E+00
   0.7260000E+02    0.5093872E+00
   0.7270000E+02    0.7521931E+00
   0.7280000E+02    0.9227388E+00
   0.7290000E+02    0.9982008E+00
   0.7300000E+02    0.9713864E+00
   0.7310000E+02    0.8517590E+00
   0.7320000E+02    0.6637567E+00
   0.7330000E+02    0.4427005E+00
   0.7340000E+02    0.2289650E+00
   0.7350000E+02    0.6136875E-01
   0.7360000E+02   -0.2917310E-01
   0.7370000E+02   -0.2469152E-01
   0.7380000E+02    0.7688083E-01
   0.7390000E+02    0.2613319E+00
   0.7400000E+02    0.5004342E+00
   0.7410000E+02    0.7564998E+00
   0.7420000E+02    0.9885060E+00
   0.7430000E+02    0.1158817E+01
   0.7440000E+02    0.1239404E+01
   0.7450000E+02    0.1216564E+01
   0.7460000E+02    0.1093322E+01
   0.7470000E+02    0.8891041E+00
   0.7480000E+02    0.6366832E+00
   0.7490000E+02    0.3768741E+00
   0.7500000E+02    0.1517820E+00
   0.7510000E+02   -0.2228172E-02
   0.7520000E+02   -0.6073070E-01
   0.7530000E+02   -0.1550802E-01
   0.7540000E+02    0.1238555E+00
   0.7550000E+02    0.3313850E+00
   0.7560000E+02    0.5689253E+00
   0.7570000E+02    0.7925159E+00
   0.7580000E+02    0.9598412E+00
   0.7590000E+02    0.1037504E+01
   0.7600000E+02    0.1006887E+01
   0.7610000E+02    0.8675083E+00
   0.7620000E+02    0.6373162E+00
   0.7630000E+02    0.3497816E+00
   0.7640000E+02    0.4827112E-01
   0.7650000E+02   -0.2213497E+00
   0.7660000E+02   -0.4186108E+00
   0.7670000E+02   -0.5155081E+00
   0.7680000E+02   -0.5012957E+00
   0.7690000E+02   -0.3845014E+00
   0.7700000E+02   -0.1914320E+00
   0.7710000E+02    0.3838152E-01
   0.7720000E+02    0.2590645E+00
   0.7730000E+02    0.4264153E+00
   0.7740000E+02    0.5056101E+00
   0.7750000E+02    0.4772866E+00
   0.7760000E+02    0.3409172E+00
   0.7770000E+02    0.1148506E+00
   0.7780000E+02   -0.1669223E+00
   0.7790000E+02   -0.4606030E+00
   0.7800000E+02   -0.7208566E+00
   0.7810000E+02   -0.9074824E+00
   0.7820000E+02   -0.9935559E+00
   0.7830000E+02   -0.9693974E+00
   0.7840000E+02   -0.8442696E+00
   0.7850000E+02   -0.6446360E+00
   0.7860000E+02   -0.4094844E+00
   0.7870000E+02   -0.1835255E+00
   0.7880000E+02   -0.9479021E-02
   0.7890000E+02    0.7922393E-01
   0.7900000E+02    0.6407730E-01
   0.7910000E+02   -0.5545954E-01
   0.7920000E+02   -0.2620000E+00
   0.7930000E+02   -0.5232764E+00
   0.7940000E+02   -0.7976780E+00
   0.7950000E+02   -0.1041313E+01
   0.7960000E+02   -0.1215229E+01
   0.7970000E+02   -0.1291959E+01
   0.7980000E+02   -0.1259920E+01
   0.7990000E+02   -0.1125224E+01
   0.8000000E+02   -0.9105651E+00
   0.8010000E+02   -0.6513946E+00
   0.8020000E+02   -0.3900604E+00
   0.8030000E+02   -0.1688647E+00
   0.8040000E+02   -0.2317432E-01
   0.8050000E+02    0.2432672E-01
   0.8060000E+02   -0.3268927E-01
   0.8070000E+02   -0.1831378E+00
   0.8080000E+02   -0.4002752E+00
   0.8090000E+02   -0.6459536E+00
   0.8100000E+02   -0.8767246E+00
   0.8110000E+02   -0.1050827E+01
   0.8120000E+02   -0.1134956E+01
   0.8130000E+02   -0.1109742E+01
   0.8140000E+02   -0.9730639E+00
   0.8150000E+02   -0.7406234E+00
   0.8160000E+02   -0.4436601E+00
   0.8170000E+02   -0.1241119E+00
   0.8180000E+02    0.1720088E+00
   0.8190000E+02    0.4020836E+00
   0.8200000E+02    0.5339075E+00
   0.8210000E+02    0.5511658E+00
   0.8220000E+02    0.4564093E+00
   0.8230000E+02    0.2709788E+00
   0.8240000E+02    0.3177768E-01
   0.8250000E+02   -0.2146095E+00
   0.8260000E+02   -0.4196060E+00
   0.8270000E+02   -0.5408441E+00
   0.8280000E+02   -0.5495360E+00
   0.8290000E+02   -0.4357151E+00
   0.8300000E+02   -0.2103888E+00
   0.8310000E+02    0.9586755E-01
   0.8320000E+02    0.4377383E+00
   0.8330000E+02    0.7626857E+00
   0.8340000E+02    0.1019930E+01
   0.8350000E+02    0.1169335E+01
   0.8360000E+02    0.1188721E+01
   0.8370000E+02    0.1078123E+01
   0.8380000E+02    0.8603109E+00
   0.8390000E+02    0.5772768E+00
   0.8400000E+02    0.2832473E+00
   0.8410000E+02    0.3535481E-01
   0.8420000E+02   -0.1164085E+00
   0.8430000E+02   -0.1382062E+00
   0.8440000E+02   -0.1867889E-01
   0.8450000E+02    0.2285740E+00
   0.8460000E+02    0.5668873E+00
   0.8470000E+02    0.9426158E+00
   0.8480000E+02    0.1294234E+01
   0.8490000E+02    0.1563088E+01
   0.8500000E+02    0.1703722E+01
   0.8510000E+02    0.1692061E+01
   0.8520000E+02    0.1529886E+01
   0.8530000E+02    0.1244833E+01
   0.8540000E+02    0.8857664E+00
   0.8550000E+02    0.5144514E+00
   0.8560000E+02    0.1948287E+00
   0.8570000E+02   -0.1813539E-01
   0.8580000E+02   -0.8809590E-01
   0.8590000E+02   -0.3760885E-02
   0.8600000E+02    0.2190326E+00
   0.8610000E+02    0.5399600E+00
   0.8620000E+02    0.9010906E+00
   0.8630000E+02    0.1236873E+01
   0.8640000E+02    0.1485359E+01
   0.8650000E+02    0.1598840E+01
   0.8660000E+02    0.1551984E+01
   0.8670000E+02    0.1346129E+01
   0.8680000E+02    0.1008999E+01
   0.8690000E+02    0.5899635E+00
   0.8700000E+02    0.1516013E+00
   0.8710000E+02   -0.2407857E+00
   0.8720000E+02   -0.5301589E+00
   0.8730000E+02   -0.6771680E+00
   0.8740000E+02   -0.6665695E+00
   0.8750000E+02   -0.5095780E+00
   0.8760000E+02   -0.2418086E+00
   0.8770000E+02    0.8280144E-01
   0.8780000E+02    0.4009891E+00
   0.8790000E+02    0.6506585E+00
   0.8800000E+02    0.7810594E+00
   0.8810000E+02    0.7610444E+00
   0.8820000E+02    0.5840950E+00
   0.8830000E+02    0.2693015E+00
   0.8840000E+02   -0.1417030E+00
   0.8850000E+02   -0.5915643E+00
   0.8860000E+02   -0.1016373E+01
   0.8870000E+02   -0.1355952E+01
   0.8880000E+02   -0.1563511E+01
   0.8890000E+02   -0.1613169E+01
   0.8900000E+02   -0.1504167E+01
   0.8910000E+02   -0.1261089E+01
   0.8920000E+02   -0.9300416E+00
   0.8930000E+02   -0.5713811E+00
   0.8940000E+02   -0.2501086E+00
   0.8950000E+02   -0.2537599E-01
   0.8960000E+02    0.5913118E-01
   0.8970000E+02   -0.1747892E-01
   0.8980000E+02   -0.2495734E+00
   0.8990000E+02   -0.6054555E+00
   0.9000000E+02   -0.1032075E+01
   0.9010000E+02   -0.1463294E+01
   0.9020000E+02   -0.1830457E+01
   0.9030000E+02   -0.2073604E+01
   0.9040000E+02   -0.2151508E+01
   0.9050000E+02   -0.2048846E+01
   0.9060000E+02   -0.1779276E+01
   0.9070000E+02   -0.1383744E+01
   0.9080000E+02   -0.9242283E+00
   0.9090000E+02   -0.4738074E+00
   0.9100000E+02   -0.1046352E+00
   0.9110000E+02    0.1242181E+00
   0.9120000E+02    0.1769853E+00
   0.9130000E+02    0.4770150E-01
   0.9140000E+02   -0.2382264E+00
   0.9150000E+02   -0.6277776E+00
   0.9160000E+02   -0.1048892E+01
   0.9170000E+02   -0.1422492E+01
   0.9180000E+02   -0.1675978E+01
   0.9190000E+02   -0.1755860E+01
   0.9200000E+02   -0.1637339E+01
   0.9210000E+02   -0.1329097E+01
   0.9220000E+02   -0.8723543E+00
   0.9230000E+02   -0.3342669E+00
   0.9240000E+02    0.2033092E+00
   0.9250000E+02    0.6577903E+00
   0.9260000E+02    0.9601698E+00
   0.9270000E+02    0.1067168E+01
   0.9280000E+02    0.9690695E+00
   0.9290000E+02    0.6918141E+00
   0.9300000E+02    0.2928142E+00
   0.9310000E+02   -0.1485309E+00
   0.9320000E+02   -0.5445371E+00
   0.9330000E+02   -0.8142970E+00
   0.9340000E+02   -0.8977659E+00
   0.9350000E+02   -0.7664014E+00
   0.9360000E+02   -0.4283022E+00
   0.9370000E+02    0.7281375E-01
   0.9380000E+02    0.6648556E+00
   0.9390000E+02    0.1259501E+01
   0.9400000E+02    0.1767169E+01
   0.9410000E+02    0.2112266E+01
   0.9420000E+02    0.2246081E+01
   0.9430000E+02    0.2155131E+01
   0.9440000E+02    0.1863529E+01
   0.9450000E+02    0.1428976E+01
   0.9460000E+02    0.9330508E+00
   0.9470000E+02    0.4674679E+00
   0.9480000E+02    0.1186110E+00
   0.9490000E+02   -0.4706768E-01
   0.9500000E+02    0.5616047E-02
   0.9510000E+02    0.2745681E+00
   0.9520000E+02    0.7205038E+00
   0.9530000E+02    0.1273298E+01
   0.9540000E+02    0.1843504E+01
   0.9550000E+02    0.2337185E+01
   0.9560000E+02    0.2671633E+01
   0.9570000E+02    0.2789426E+01
   0.9580000E+02    0.2668504E+01
   0.9590000E+02    0.2326577E+01
   0.9600000E+02    0.1819061E+01
   0.9610000E+02    0.1230767E+01
   0.9620000E+02    0.6625212E+00
   0.9630000E+02    0.2148276E+00
   0.9640000E+02   -0.2899617E-01
   0.9650000E+02   -0.1740381E-01
   0.9660000E+02    0.2594337E+00
   0.9670000E+02    0.7661274E+00
   0.9680000E+02    0.1425798E+01
   0.9690000E+02    0.2130841E+01
   0.9700000E+02    0.2759174E+01
   0.9710000E+02    0.3193833E+01
   0.9720000E+02    0.3342733E+01
   0.9730000E+02    0.3155513E+01
   0.9740000E+02    0.2634513E+01
   0.9750000E+02    0.1837727E+01
   0.9760000E+02    0.8727201E+00
   0.9770000E+02   -0.1180887E+00
   0.9780000E+02   -0.9790507E+00
   0.9790000E+02   -0.1566559E+01
   0.9800000E+02   -0.1774509E+01
   0.9810000E+02   -0.1555145E+01
   0.9820000E+02   -0.9320741E+00
   0.9830000E+02   -0.2394567E-02
   0.9840000E+02    0.1073260E+01
   0.9850000E+02    0.2092119E+01
   0.9860000E+02    0.2839255E+01
   0.9870000E+02    0.3122478E+01
   0.9880000E+02    0.2806231E+01
   0.9890000E+02    0.1839357E+01
   0.9900000E+02    0.2713386E+00
   0.9910000E+02   -0.1746193E+01
   0.9920000E+02   -0.3974541E+01
   0.9930000E+02   -0.6118200E+01
   0.9940000E+02   -0.7867243E+01
   0.9950000E+02   -0.8945881E+01
   0.9960000E+02   -0.9160599E+01
   0.9970000E+02   -0.8440730E+01
   0.9980000E+02   -0.6865299E+01
   0.9990000E+02   -0.4671998E+01
   0.1000000E+03   -0.2247052E+01
