  0.134080559959737E+04
  0.695157519434185E+03
  0.811592791437842E+03
  0.722432077886275E+03
  0.701360932532450E+03
  0.726944008689190E+03
  0.679550219481807E+03
  0.672873208348496E+03
  0.653223078649281E+03
  0.661700094077230E+03
  0.668613618990600E+03
  0.648842232782387E+03
  0.624562553100362E+03
  0.650742973224161E+03
  0.612652772245941E+03
  0.626158914430846E+03
  0.598271640835874E+03
  0.589769525457909E+03
  0.656107098583358E+03
  0.598329000862345E+03
  0.655778296888787E+03
  0.649882464734240E+03
  0.612088560827703E+03
  0.606875302082734E+03
  0.557505527604097E+03
  0.564525193201824E+03
  0.534515948701523E+03
  0.543610817281613E+03
  0.542022582994821E+03
  0.486133766685791E+03
  0.496935483260485E+03
  0.468572372548370E+03
  0.490421943401758E+03
  0.520736419554093E+03
  0.461098847951139E+03
  0.481536854520950E+03
  0.449225173837777E+03
  0.404474238952693E+03
  0.447941238677492E+03
  0.404423165981784E+03
  0.432727780899814E+03
  0.412084544164166E+03
  0.388421042287152E+03
  0.410717947194609E+03
  0.405822093401830E+03
  0.347489055933452E+03
  0.360151862679172E+03
  0.329131892136102E+03
  0.342434961850969E+03
  0.337578485187423E+03
  0.314486112301602E+03
  0.327317043330317E+03
  0.318721668063731E+03
  0.299459390789325E+03
  0.280997355700288E+03
  0.291752991995902E+03
  0.254324122488079E+03
  0.250553628377434E+03
  0.248413603661832E+03
  0.226223467466488E+03
  0.213054092912724E+03
  0.218194321056684E+03
  0.233536652067359E+03
  0.197872251735353E+03
  0.228472352115750E+03
  0.174033625279476E+03
  0.234848765973596E+03
  0.184212500915612E+03
  0.159019023456347E+03
  0.150112776974238E+03
  0.155633354384984E+03
  0.155441894906548E+03
  0.141132981624727E+03
  0.176132489125319E+03
  0.108878009725312E+03
  0.140144693475716E+03
  0.125294195195067E+03
  0.109427228970794E+03
  0.880467837466151E+02
  0.932553740357325E+02
  0.731387675794106E+02
  0.703695956061770E+02
  0.658861004213621E+02
  0.533522303843018E+02
  0.738251381480544E+02
  0.621750109374706E+02
  0.314758257384524E+02
  0.810331858691231E+02
  0.218167059467988E+02
  0.318384871717292E+02
  0.869386807799842E+01
  0.220173142295749E+02
 -0.227097079867810E+02
 -0.188219820007800E+02
 -0.431038126544856E+02
 -0.429337825011678E+02
 -0.709925117660028E+02
 -0.559875709106030E+02
 -0.634651544749916E+02
 -0.757377656233966E+02
 -0.797289739029248E+02
 -0.819070840530012E+02
 -0.765562241045042E+02
 -0.931623065295760E+02
 -0.965907294225431E+02
 -0.801427626171521E+02
 -0.101928404556673E+03
 -0.102048651996659E+03
 -0.108200510840107E+03
 -0.968433855680675E+02
 -0.115920011576606E+03
 -0.125947949590941E+03
 -0.133144136700215E+03
 -0.155720556130471E+03
 -0.154179700544061E+03
 -0.157177488678542E+03
 -0.171935223589930E+03
 -0.177983680036737E+03
 -0.185675329684788E+03
 -0.173399596456510E+03
 -0.202796277803637E+03
 -0.195693569225736E+03
 -0.200470572215730E+03
 -0.202950187786949E+03
 -0.221903937570934E+03
 -0.203975000952577E+03
 -0.232392065832796E+03
 -0.221264416180949E+03
 -0.244451295817813E+03
 -0.240146226236168E+03
 -0.253469809837868E+03
 -0.261260277665507E+03
 -0.252351013525667E+03
 -0.285079477761501E+03
 -0.264843190752757E+03
 -0.291660954713233E+03
 -0.275402247432411E+03
 -0.284100604999052E+03
 -0.293136040008951E+03
 -0.280017198556940E+03
 -0.302977135801967E+03
 -0.292743651565942E+03
 -0.315852237096240E+03
 -0.308997243158265E+03
 -0.317607289276971E+03
 -0.321605156605555E+03
 -0.339552014833230E+03
 -0.336992035598500E+03
 -0.336290934058119E+03
 -0.350691313316669E+03
 -0.366364480544745E+03
 -0.357000889443575E+03
 -0.379693237025652E+03
 -0.350613709555319E+03
 -0.379402629762497E+03
 -0.369980058316805E+03
 -0.379965686008522E+03
 -0.360214975263244E+03
 -0.366056378594747E+03
 -0.364476374716317E+03
 -0.364274168108125E+03
 -0.371403394120566E+03
 -0.375154501984034E+03
 -0.374700141586520E+03
 -0.353974825348345E+03
 -0.365820079269358E+03
 -0.383754070572505E+03
 -0.379717333788914E+03
 -0.387590839921127E+03
 -0.369653862375374E+03
 -0.389537936048538E+03
 -0.367225790683742E+03
 -0.371824231675549E+03
 -0.367294636144803E+03
 -0.360840974512585E+03
 -0.361545949893316E+03
 -0.351010698629804E+03
 -0.339991150911714E+03
 -0.340582441945541E+03
 -0.334968286239053E+03
 -0.354413527050439E+03
 -0.349438025304683E+03
 -0.340692022374599E+03
 -0.355329444803128E+03
 -0.343693522107379E+03
 -0.346779336193912E+03
 -0.345876039441643E+03
 -0.322607577809283E+03
 -0.308739882951342E+03
 -0.289339623384548E+03
 -0.310212263996390E+03
 -0.304315655493674E+03
 -0.281521162381672E+03
 -0.284265662409347E+03
 -0.293110513775078E+03
 -0.306571334221607E+03
 -0.290343256617337E+03
 -0.289305103141704E+03
 -0.285382422910440E+03
 -0.287685323751175E+03
 -0.300519101447566E+03
 -0.277054763465433E+03
 -0.277292049293949E+03
 -0.287365066342961E+03
 -0.254601771720066E+03
 -0.278363430500029E+03
 -0.262764100568173E+03
 -0.245934603116338E+03
 -0.241919959198148E+03
 -0.215809059760635E+03
 -0.209190889982055E+03
 -0.226590313582339E+03
 -0.195371750765711E+03
 -0.198766131714403E+03
 -0.181984708470079E+03
 -0.183580904138511E+03
 -0.173562739634121E+03
 -0.237101505058212E+03
 -0.207715164357889E+03
 -0.221749985588788E+03
 -0.178047753514058E+03
 -0.191905119431004E+03
 -0.172471678408594E+03
 -0.175185726574781E+03
 -0.174196416481102E+03
 -0.140040956010400E+03
 -0.162266787292040E+03
 -0.152269070281649E+03
 -0.123244658014440E+03
 -0.133193677660938E+03
 -0.116888841822086E+03
 -0.125940799484788E+03
 -0.127844519718771E+03
 -0.123875119097912E+03
 -0.769774767038700E+02
 -0.108317083724531E+03
 -0.975678625820233E+02
 -0.106885768338444E+03
 -0.122280635438753E+03
 -0.119321583263024E+03
 -0.120511355747858E+03
 -0.100929009838373E+03
 -0.100867947072474E+03
 -0.595909485271519E+02
 -0.835293543106038E+02
 -0.410530739770962E+02
 -0.892120557860066E+02
 -0.672681332950188E+02
 -0.395022129434366E+02
 -0.728378658866110E+02
 -0.485929633673840E+02
 -0.407327065594720E+02
 -0.526730187210149E+02
 -0.438259859183620E+02
 -0.296929550925311E+02
 -0.603436052939751E+01
 -0.169390807154225E+02
 -0.444592051726060E+02
 -0.302488056672051E+02
 -0.673618453885043E+02
 -0.524111959583614E+02
 -0.352067639174264E+02
 -0.410487601577944E+02
  0.224510348623179E+02
 -0.195368184188492E+02
 -0.180466316037387E+02
  0.101330819721623E+02
 -0.185885880014177E+02
  0.297769703534170E+02
 -0.199525692126022E+02
 -0.222021397768959E+01
 -0.161691245643617E+02
  0.245578116223295E+01
  0.527265526802900E+01
  0.157002525008506E+02
 -0.978494988277795E+01
  0.393748397849520E+02
  0.762398248209947E+01
  0.388969778993769E+02
 -0.108254840713534E+01
 -0.231572128093750E+01
  0.113048675267169E+00
 -0.948934945235836E+01
  0.219725891476536E+02
 -0.224549494716664E+01
  0.265274648550811E+01
  0.302451456694792E+02
  0.398135980806299E+02
  0.315115418963815E+02
  0.417852719032367E+02
 -0.104185485931877E+02
  0.625634514426944E+02
  0.248459200677804E+02
  0.254677860491214E+02
  0.768073230900463E+02
  0.247984913325858E+02
  0.134008836980858E+03
  0.606941719396011E+02
  0.698754000595552E+02
  0.728251895406865E+02
  0.753309148849301E+02
  0.107561669388228E+03
  0.553234891105146E+02
  0.861009402293156E+02
  0.425572343646408E+02
  0.549816791909696E+02
  0.746508800506855E+02
  0.751971344291432E+02
  0.426987251332139E+02
  0.902793589464692E+02
  0.617374661952801E+02
  0.591940339170442E+02
  0.697914519852178E+02
  0.556511334289195E+02
  0.890091199459058E+02
  0.627760164918632E+02
  0.945676485747116E+02
  0.788339886040982E+02
  0.108823564599721E+03
  0.725895960754383E+02
  0.897640238484356E+02
  0.109509142711146E+03
  0.870409711360955E+02
  0.728141645439750E+02
  0.894616353906944E+02
  0.565456776117455E+02
  0.596683346974894E+02
  0.837976310206621E+02
  0.681606746903561E+02
  0.789607586347689E+02
  0.681543852922034E+02
  0.593979426136218E+02
  0.543028187734878E+02
  0.469412815068423E+02
  0.757567053952298E+02
  0.648426145562268E+02
  0.790668885801400E+02
  0.673078892104282E+02
  0.702493404165119E+02
  0.543942430258244E+02
  0.640681322189566E+02
  0.563058953134398E+02
  0.400771834596076E+02
  0.591284576277740E+02
  0.456276043780776E+02
  0.473162474987114E+02
  0.515887130083440E+02
  0.455078748634219E+02
  0.310910776694661E+02
  0.534078708826569E+02
  0.327012380824610E+02
  0.400642705096994E+02
  0.445236636059797E+02
  0.495245890479976E+02
  0.353826043602635E+02
  0.305320676687152E+02
  0.411895493368036E+02
  0.279278217327081E+02
  0.287953659310335E+02
  0.208811258198711E+02
  0.257005488152170E+02
  0.211872738900119E+02
  0.288012432732574E+02
  0.222897828743366E+02
  0.284445068682913E+02
  0.158208899615087E+02
  0.176779377338572E+02
  0.118690273507456E+02
  0.169607575787421E+02
  0.304541476173442E+02
  0.212227648544879E+02
  0.116145880066874E+02
  0.201732649475612E+02
  0.430500971908767E+02
  0.623081804888515E+01
  0.170816012561498E+02
  0.368072087652483E+01
 -0.976741302440564E+01
  0.275677080661074E+01
  0.411142900643569E+00
  0.265561361512847E+00
 -0.693447669343129E+01
  0.304015247589337E+01
 -0.372226297549648E+01
 -0.114089454965198E+01
 -0.195711639801778E+01
  0.598172295211100E+01
 -0.644490584706596E+01
  0.170892078967599E+00
 -0.311237238139347E+01
 -0.176490059043012E+00
 -0.325840369719089E+01
  0.149552382206794E+01
 -0.321212626761670E+01
 -0.221952080201896E+01
 -0.868639568825006E+01
 -0.115728820823395E+02
 -0.948669436785862E+01
 -0.106906423108224E+02
 -0.113921044389828E+02
 -0.130271994722502E+02
 -0.136591549010458E+02
 -0.123367857710617E+02
 -0.133592961867882E+02
 -0.106020203492954E+02
 -0.129278726663383E+02
 -0.992629937671788E+01
 -0.116853198849873E+02
 -0.698389502028400E+01
 -0.131139263324748E+02
 -0.692061976795720E+01
 -0.969597598539973E+01
 -0.699376482233531E+01
 -0.743702288993467E+01
 -0.101653205966188E+02
 -0.159972749802253E+02
 -0.158208262440522E+02
 -0.159530603090563E+02
 -0.148835470553920E+02
 -0.137092310926370E+02
 -0.119223329817085E+02
 -0.121747813004417E+02
 -0.100568389619904E+02
 -0.114109398755750E+02
 -0.899489055737382E+01
 -0.107716030113298E+02
 -0.854353744593539E+01
 -0.746020586648928E+01
 -0.742262250040894E+01
 -0.666522152989471E+01
 -0.547998615964710E+01
 -0.542283304812389E+01
 -0.431792717982784E+01
 -0.386454013874342E+01
 -0.358649994896814E+01
 -0.337238243830610E+01
 -0.319566170213026E+01
 -0.304591558365118E+01
 -0.291617669682370E+01
 -0.280196256364563E+01
 -0.270023580135617E+01
 -0.260952318563703E+01
 -0.252735054859603E+01
 -0.245280256874036E+01
 -0.238471211468690E+01
 -0.232245313345071E+01
 -0.226474902084736E+01
 -0.221169100912450E+01
 -0.216275157033322E+01
 -0.211695419168920E+01
 -0.207464619297486E+01
 -0.203479489757580E+01
 -0.199763949794036E+01
 -0.196308927697089E+01
 -0.193031086221450E+01
 -0.189964100336926E+01
 -0.187065496601627E+01
 -0.184331262096849E+01
 -0.181756249792774E+01
 -0.179285924279330E+01
 -0.176949209608920E+01
 -0.174790067570383E+01
 -0.172646877479949E+01
 -0.170680390058584E+01
 -0.168769329141713E+01
 -0.166943662606032E+01
 -0.165219426129184E+01
 -0.163555585129079E+01
 -0.161979819414187E+01
 -0.160424651330311E+01
 -0.158950716502499E+01
 -0.157563967936311E+01
 -0.156174589237677E+01
 -0.154911371490967E+01
 -0.153617568883056E+01
 -0.152439686184102E+01
 -0.151247345627146E+01
 -0.150106548870556E+01
 -0.149049142289892E+01
 -0.147968257706522E+01
 -0.146960905549722E+01
 -0.145959725142857E+01
 -0.144979416515869E+01
 -0.144044567184184E+01
 -0.143145456552122E+01
 -0.142269690041809E+01
 -0.141410727545036E+01
 -0.140562980122312E+01
 -0.139754939444910E+01
 -0.138970600382957E+01
 -0.138183766950946E+01
 -0.137439004428705E+01
 -0.136680724558545E+01
 -0.135960946805631E+01
 -0.135270647492823E+01
 -0.134526016959039E+01
 -0.133887483062700E+01
 -0.133197886349992E+01
 -0.132571807243771E+01
 -0.131908421623104E+01
 -0.131318224798438E+01
 -0.130700631540271E+01
 -0.130076226508906E+01
 -0.129495149595247E+01
 -0.128889003592403E+01
 -0.128297523884038E+01
 -0.127738308178360E+01
 -0.127183266154991E+01
 -0.126645283037419E+01
 -0.126093180424443E+01
 -0.125553868810047E+01
 -0.125062406490993E+01
 -0.124520187647920E+01
 -0.124009296565458E+01
 -0.123541745511340E+01
 -0.123000292925301E+01
 -0.122501763954090E+01
 -0.122040269242548E+01
 -0.121523053951916E+01
 -0.121077213652105E+01
 -0.120612132351578E+01
 -0.120172790542286E+01
 -0.119679422268602E+01
 -0.119229631897892E+01
 -0.118783668981166E+01
 -0.118335991412845E+01
 -0.117879503750636E+01
 -0.117434133520180E+01
 -0.116997718969470E+01
 -0.116585864125068E+01
 -0.116181439388152E+01
 -0.115738718892878E+01
 -0.115322568196741E+01
 -0.114914799136111E+01
 -0.114506076183400E+01
 -0.114088957997350E+01
 -0.113688738105007E+01
 -0.113267295979721E+01
 -0.112865236026403E+01
 -0.112501874655268E+01
 -0.112099547329177E+01
 -0.111704624625240E+01
 -0.111316264472012E+01
 -0.110932088230772E+01
 -0.110543880028501E+01
 -0.110157304034033E+01
 -0.109751724597421E+01
 -0.109409288941616E+01
 -0.109024285790907E+01
 -0.108656571370297E+01
 -0.108291413787664E+01
 -0.107922911651566E+01
 -0.107567036719348E+01
 -0.107183223808508E+01
 -0.106852219745962E+01
 -0.106461643406748E+01
 -0.106132165985629E+01
 -0.105787847645282E+01
 -0.105418019916891E+01
 -0.105054668532822E+01
 -0.104706623506620E+01
 -0.104359622025670E+01
 -0.104027047717202E+01
 -0.103684922866876E+01
 -0.103342794848111E+01
 -0.102996163288650E+01
 -0.102642068537357E+01
 -0.102344993832481E+01
 -0.101976470963912E+01
 -0.101621934646608E+01
 -0.101316692747572E+01
 -0.100982811753093E+01
 -0.100663623124231E+01
 -0.100350306956113E+01
 -0.100031388738666E+01
 -0.996865473442264E+00
 -0.993866040178304E+00
 -0.990716833418630E+00
 -0.987290044906168E+00
 -0.984154446074687E+00
 -0.980841337254817E+00
 -0.977878771511626E+00
 -0.974726450476723E+00
 -0.971743763653377E+00
 -0.968590877854699E+00
 -0.965400503329227E+00
 -0.962173874835137E+00
 -0.959289143931066E+00
 -0.956182197188601E+00
 -0.953077038951433E+00
 -0.950081069908882E+00
 -0.947004621290283E+00
 -0.944037816339907E+00
 -0.940968488178704E+00
 -0.937958319408877E+00
 -0.935138172240873E+00
 -0.932071861598856E+00
 -0.929163511365369E+00
 -0.926264922961090E+00
 -0.923235390793377E+00
 -0.920243285407072E+00
 -0.917361679057128E+00
 -0.914498008621305E+00
 -0.911502528327842E+00
 -0.908732999267085E+00
 -0.905723864956970E+00
 -0.903251929340655E+00
 -0.900118925911012E+00
 -0.897378622901945E+00
 -0.894579940548034E+00
 -0.891702224802027E+00
 -0.889047077582409E+00
 -0.886085038937790E+00
 -0.883472438898032E+00
 -0.880612675506630E+00
 -0.877828213604871E+00
 -0.875430709384918E+00
 -0.872227355003791E+00
 -0.869856480190013E+00
 -0.866811660123054E+00
 -0.864386934796559E+00
 -0.861631876705220E+00
 -0.858856407126553E+00
 -0.856460411350210E+00
 -0.853375917229096E+00
 -0.850835180008435E+00
 -0.848255878932220E+00
 -0.845522651563114E+00
 -0.842820339837647E+00
 -0.840264869665339E+00
 -0.837622684147862E+00
 -0.835072302512371E+00
 -0.832476951309838E+00
 -0.829929129996604E+00
 -0.827310482625594E+00
 -0.824646737230000E+00
 -0.822096299486553E+00
 -0.819749596528259E+00
 -0.817137328547220E+00
 -0.814575081563840E+00
 -0.812158981192759E+00
 -0.809578414552894E+00
 -0.807119155479065E+00
 -0.804644409540901E+00
 -0.802174394441539E+00
 -0.799692604227415E+00
 -0.797199583167695E+00
 -0.794639515134716E+00
 -0.792428693073172E+00
 -0.789954759933237E+00
 -0.787645224665996E+00
 -0.785121407051008E+00
 -0.782420148640254E+00
 -0.780168226197162E+00
 -0.777868546239045E+00
 -0.775591338644705E+00
 -0.773095091110367E+00
 -0.770695200981227E+00
 -0.768314946357710E+00
 -0.766050275360914E+00
 -0.763570872965526E+00
 -0.761370587058071E+00
 -0.758963640471653E+00
 -0.756820546240226E+00
 -0.754403380316749E+00
 -0.752217180926876E+00
 -0.749919642383795E+00
 -0.747564599822724E+00
 -0.745235165842028E+00
 -0.742992551151602E+00
 -0.740730773979122E+00
 -0.738248153536143E+00
 -0.736138417391483E+00
 -0.734000145388379E+00
 -0.731606543091671E+00
 -0.729309855512012E+00
 -0.727381689171056E+00
 -0.725062388606728E+00
 -0.722957344052357E+00
 -0.720876052610415E+00
 -0.718530147451673E+00
 -0.716339395496893E+00
 -0.714255915874811E+00
 -0.712137777864057E+00
 -0.709869762683664E+00
 -0.707740423948723E+00
 -0.705599896268981E+00
 -0.703486375175054E+00
 -0.701398925713646E+00
 -0.699496131345524E+00
 -0.697485231629699E+00
 -0.695044397430807E+00
 -0.692959004916806E+00
 -0.691076309471824E+00
 -0.688772155758441E+00
 -0.686770953130435E+00
 -0.684605366322746E+00
 -0.682690227122472E+00
 -0.680813612553074E+00
 -0.678523998463283E+00
 -0.676735211487888E+00
 -0.674482360470084E+00
 -0.672501433827270E+00
 -0.670513190362800E+00
 -0.668592615541586E+00
 -0.666573575230422E+00
 -0.664683431514535E+00
 -0.662441238660712E+00
 -0.660558817903942E+00
 -0.658484845525429E+00
 -0.656717994140072E+00
 -0.654589674470015E+00
 -0.653012648911286E+00
 -0.650935128323082E+00
 -0.649046743817686E+00
 -0.647095441335713E+00
 -0.645138644981395E+00
 -0.643171522520269E+00
 -0.641570956792333E+00
 -0.639485657749693E+00
 -0.637577492659147E+00
 -0.635689808873955E+00
 -0.633710455260229E+00
 -0.632087532763538E+00
 -0.630105660735986E+00
 -0.628134637921039E+00
 -0.626254656539808E+00
 -0.624496091331334E+00
 -0.622488435362172E+00
 -0.621032746199743E+00
 -0.618825695875049E+00
 -0.617309873863943E+00
 -0.615466507914931E+00
 -0.613507668889631E+00
 -0.611975529450549E+00
 -0.609962276711071E+00
 -0.608242723756503E+00
 -0.606228091564937E+00
 -0.604627657217316E+00
 -0.602685733402030E+00
 -0.601040902791236E+00
 -0.599205842543218E+00
 -0.597391959239808E+00
 -0.595600767716336E+00
 -0.594156749620410E+00
 -0.592331953755255E+00
 -0.590694319295255E+00
 -0.588857151132416E+00
 -0.587195037109472E+00
 -0.585539900514451E+00
 -0.583681738435996E+00
 -0.581820782549060E+00
 -0.580236449188593E+00
 -0.578702570377363E+00
 -0.577146511037307E+00
 -0.575290629700792E+00
 -0.573716623707301E+00
 -0.571957185356035E+00
 -0.570220581003791E+00
 -0.568784779007910E+00
 -0.566802930192597E+00
 -0.565023062842372E+00
 -0.563712699939821E+00
 -0.561801922744359E+00
 -0.560543718968817E+00
 -0.559094122687619E+00
 -0.557074393966989E+00
 -0.555657009845839E+00
 -0.554067855356509E+00
 -0.552478095841592E+00
 -0.550720842610953E+00
 -0.549386632660656E+00
 -0.547770634039956E+00
 -0.546128583022698E+00
 -0.544619226715223E+00
 -0.542655726100696E+00
 -0.541602576752966E+00
 -0.539788722525166E+00
 -0.538340277469543E+00
 -0.536581802495878E+00
 -0.535344325148014E+00
 -0.533539824455463E+00
 -0.532263548805517E+00
 -0.530434957961786E+00
 -0.528970992463668E+00
 -0.527613318581824E+00
 -0.525897692377744E+00
 -0.524811069134416E+00
 -0.522877832826141E+00
 -0.521630033713481E+00
 -0.520135768483679E+00
 -0.518702236835281E+00
 -0.517080517591252E+00
 -0.515747977110764E+00
 -0.514202555958795E+00
 -0.512932675782327E+00
 -0.511221490933048E+00
 -0.509804640590707E+00
 -0.508366698672064E+00
 -0.507085276202166E+00
 -0.505421422431788E+00
 -0.504239364135686E+00
 -0.502514155210442E+00
 -0.500982904102397E+00
 -0.499658009849185E+00
 -0.498261548771962E+00
 -0.496781507121731E+00
 -0.495626269517463E+00
 -0.494320829313882E+00
 -0.492527947402812E+00
 -0.491604262267485E+00
 -0.489914109217480E+00
 -0.488578068751714E+00
 -0.487161759942319E+00
 -0.485654276236380E+00
 -0.484511054215013E+00
 -0.482971693436699E+00
 -0.481537940734546E+00
 -0.480213368657006E+00
 -0.478882497602683E+00
 -0.477554895507835E+00
 -0.476412483510861E+00
 -0.475015877283580E+00
 -0.473749754583706E+00
 -0.472097008173469E+00
 -0.470901902115353E+00
 -0.469794725940229E+00
 -0.468323578631589E+00
 -0.467032174564664E+00
 -0.466009799363732E+00
 -0.464448194802996E+00
 -0.463156721005539E+00
 -0.461828984515064E+00
 -0.460603415755558E+00
 -0.459194566938114E+00
 -0.457929970603172E+00
 -0.456678186499555E+00
 -0.455615902847649E+00
 -0.454043050024642E+00
 -0.452875955131111E+00
 -0.451549990651156E+00
 -0.450358549801054E+00
 -0.449187870829843E+00
 -0.447781857773413E+00
 -0.446730546843299E+00
 -0.445359550742329E+00
 -0.444172595300904E+00
 -0.442808389258505E+00
 -0.441702202956599E+00
 -0.440518695148247E+00
 -0.439292837097611E+00
 -0.438067448153802E+00
 -0.436641509576754E+00
 -0.435698023361502E+00
 -0.434400490786709E+00
 -0.433320522364474E+00
 -0.431851018210222E+00
 -0.430833556386312E+00
 -0.429642791301129E+00
 -0.428538249069071E+00
 -0.427380160800890E+00
 -0.425993639439407E+00
 -0.424920708752157E+00
 -0.423727768364359E+00
 -0.422665816820397E+00
 -0.421082156924893E+00
 -0.420138042218944E+00
 -0.418661774705355E+00
 -0.417829391559125E+00
 -0.416354680974732E+00
 -0.415332745369823E+00
 -0.414221443750972E+00
 -0.413102906700449E+00
 -0.411972153064319E+00
 -0.411007792138934E+00
 -0.409734130619787E+00
 -0.408666706331556E+00
 -0.407752571891830E+00
 -0.406450167427030E+00
 -0.405418919947674E+00
 -0.404394029713534E+00
 -0.403110354294613E+00
 -0.402179224137644E+00
 -0.400977195930018E+00
 -0.399952713860571E+00
 -0.398741370483479E+00
 -0.397672518405021E+00
 -0.396598781655396E+00
 -0.395668368234240E+00
 -0.394195544200455E+00
 -0.393155271894833E+00
 -0.392253191410356E+00
 -0.391097495363591E+00
 -0.390188924166312E+00
 -0.389167342223623E+00
 -0.387994068355868E+00
 -0.387008837403314E+00
 -0.385920246856748E+00
 -0.385055114848555E+00
 -0.383595273591560E+00
 -0.382734961166403E+00
 -0.381587904616090E+00
 -0.380587647249370E+00
 -0.379735325254440E+00
 -0.378680042886229E+00
 -0.377715439566071E+00
 -0.376441587845590E+00
 -0.375622576126699E+00
 -0.374274019845114E+00
 -0.373464854085682E+00
 -0.372597294171754E+00
 -0.371279102708070E+00
 -0.370673511752842E+00
 -0.369418637354934E+00
 -0.368475589499696E+00
 -0.367392647099943E+00
 -0.366469514426170E+00
 -0.365621220906851E+00
 -0.364459684844506E+00
 -0.363352648066215E+00
 -0.362647191798560E+00
 -0.361584900024028E+00
 -0.360547205912806E+00
 -0.359691585069939E+00
 -0.358761039330710E+00
 -0.357587088831562E+00
 -0.356720214638858E+00
 -0.355934436812060E+00
 -0.355004312342721E+00
 -0.353984963414097E+00
 -0.353024292497953E+00
 -0.352054853576009E+00
 -0.351081474050533E+00
 -0.350174551412599E+00
 -0.349155387391236E+00
 -0.348114743415603E+00
 -0.347225457319888E+00
 -0.346394075702224E+00
 -0.345430815481903E+00
 -0.344553278365890E+00
 -0.343500455358764E+00
 -0.342582428857200E+00
 -0.341952513458700E+00
 -0.340624909646660E+00
 -0.340047390905647E+00
 -0.338899198993222E+00
 -0.338127497637070E+00
 -0.337138183287154E+00
 -0.336350529115454E+00
 -0.335327947197760E+00
 -0.334444674034613E+00
 -0.333667234407853E+00
 -0.332772911632994E+00
 -0.331729036746641E+00
 -0.330925831538956E+00
 -0.330000451743775E+00
 -0.329302296370509E+00
 -0.328289693382417E+00
 -0.327442186473678E+00
 -0.326664145840914E+00
 -0.325904455752902E+00
 -0.325044408683661E+00
 -0.324131165279866E+00
 -0.323159327326292E+00
 -0.322231627953108E+00
 -0.321441277647640E+00
 -0.320676303026236E+00
 -0.319830365908124E+00
 -0.318972422896994E+00
 -0.318511356998821E+00
 -0.317200759284115E+00
 -0.316512903331220E+00
 -0.315598534981362E+00
 -0.314850185249484E+00
 -0.313999334334662E+00
 -0.313081879834317E+00
 -0.312293426020855E+00
 -0.311483462977029E+00
 -0.310657732056924E+00
 -0.309961604578484E+00
 -0.309073439490049E+00
 -0.308053104401559E+00
 -0.307339463724185E+00
 -0.306539970591823E+00
 -0.305630305326663E+00
 -0.305056251527634E+00
 -0.304306130608580E+00
 -0.303288021019951E+00
 -0.302443799728398E+00
 -0.301829370955755E+00
 -0.300897537973785E+00
 -0.300030880982102E+00
 -0.299372236367468E+00
 -0.298560876804083E+00
 -0.297813447009532E+00
 -0.296875871173759E+00
 -0.296390402092296E+00
 -0.295331232576241E+00
 -0.294618616912820E+00
 -0.293854883351203E+00
 -0.293110728512839E+00
 -0.292452673100143E+00
 -0.291590557554266E+00
 -0.290692644510732E+00
 -0.290038939975632E+00
 -0.289284462375316E+00
 -0.288325618176952E+00
 -0.287749468713245E+00
 -0.286862812984958E+00
 -0.286104283908916E+00
 -0.285337017835963E+00
 -0.284854329821415E+00
 -0.284040334672034E+00
 -0.283207525630079E+00
 -0.282743751977895E+00
 -0.281829477537264E+00
 -0.281203297668315E+00
 -0.280170024391732E+00
 -0.279407375081161E+00
 -0.279070046126351E+00
 -0.278038802712120E+00
 -0.277609228258016E+00
 -0.276871343691924E+00
 -0.276042606186089E+00
 -0.275185867837677E+00
 -0.274636586601701E+00
 -0.273877014898927E+00
 -0.273221833396725E+00
 -0.272408776889401E+00
 -0.271689684530156E+00
 -0.270977381563806E+00
 -0.270319528967495E+00
 -0.269699215461679E+00
 -0.268860725094004E+00
 -0.268345847437641E+00
 -0.267679767016995E+00
 -0.266900266218893E+00
 -0.266088600243199E+00
 -0.265165146322473E+00
 -0.264606677740531E+00
 -0.263902598615705E+00
 -0.263389456042861E+00
 -0.262691262263823E+00
 -0.261996731752292E+00
 -0.261459293771953E+00
 -0.260675845057168E+00
 -0.260277947190334E+00
 -0.259422458905889E+00
 -0.258578213218855E+00
 -0.258133908770231E+00
 -0.257453295597997E+00
 -0.256943897282788E+00
 -0.256140921104492E+00
 -0.255663881326132E+00
 -0.254567229847961E+00
 -0.254435412087678E+00
 -0.253711202752115E+00
 -0.252798263490403E+00
 -0.252295157632554E+00
 -0.251398292098680E+00
 -0.250853855006464E+00
 -0.249869731480212E+00
 -0.249623783239388E+00
 -0.249091579497605E+00
 -0.248225476777829E+00
 -0.247677971966765E+00
 -0.246926099586067E+00
 -0.246431781906557E+00
 -0.245760801640939E+00
 -0.245110966032602E+00
 -0.244434428113904E+00
 -0.243814691391218E+00
 -0.243038313244018E+00
 -0.242428484233748E+00
 -0.242097498917184E+00
 -0.241135193421042E+00
 -0.240722398008299E+00
 -0.240061159104906E+00
 -0.239544057501272E+00
 -0.238746127513670E+00
 -0.238267513505839E+00
 -0.237489042686781E+00
 -0.236823988021240E+00
 -0.236461933775345E+00
 -0.235714860783904E+00
 -0.235320918530302E+00
 -0.234590750521710E+00
 -0.234112378660077E+00
 -0.233610839522624E+00
 -0.232760144814445E+00
 -0.232171868393068E+00
 -0.231558330154108E+00
 -0.231296853924704E+00
 -0.230459897373463E+00
 -0.229942880185371E+00
 -0.229325349109492E+00
 -0.228832416407095E+00
 -0.228079398661618E+00
 -0.227506795223562E+00
 -0.227015967856802E+00
 -0.226414795018614E+00
 -0.225832180812030E+00
 -0.225270559637155E+00
 -0.224878821177718E+00
 -0.224066640093129E+00
 -0.223612043547279E+00
 -0.222988912443683E+00
 -0.222333834647571E+00
 -0.221781954059378E+00
 -0.221344803776065E+00
 -0.220736491140584E+00
 -0.220065618668093E+00
 -0.219484011588529E+00
 -0.219020845243969E+00
 -0.218617481720281E+00
 -0.217959084138840E+00
 -0.217306204231890E+00
 -0.217011302707963E+00
 -0.216378753271095E+00
 -0.216016998064397E+00
 -0.215217684965490E+00
 -0.214770045931757E+00
 -0.214029659476802E+00
 -0.213481681159194E+00
 -0.212921701175792E+00
 -0.212430887665802E+00
 -0.211937379309201E+00
 -0.211353245065961E+00
 -0.211015510735680E+00
 -0.210346505669133E+00
 -0.209824300607333E+00
 -0.209265085052058E+00
 -0.208645104999256E+00
 -0.208187137524267E+00
 -0.207238455718315E+00
 -0.207021437304859E+00
 -0.206463277796397E+00
 -0.205874261737841E+00
 -0.205507646278652E+00
 -0.204866042747036E+00
 -0.204482038573582E+00
 -0.203785306036073E+00
 -0.203361291168059E+00
 -0.202967002855570E+00
 -0.202367463638147E+00
 -0.201836786112360E+00
 -0.201519660062486E+00
 -0.200853198719839E+00
 -0.200175513268199E+00
 -0.199992669390405E+00
 -0.199323959976296E+00
 -0.198949156324194E+00
 -0.198340820235685E+00
 -0.197887286613419E+00
 -0.197381982873013E+00
 -0.196915885957606E+00
 -0.196338702902843E+00
 -0.195850448871592E+00
 -0.195345904020211E+00
 -0.194875330371727E+00
 -0.194487531817526E+00
 -0.194051151586317E+00
 -0.193545465211674E+00
 -0.192968795116057E+00
 -0.192494811774614E+00
 -0.192120671025964E+00
 -0.191584897557181E+00
 -0.191141978687491E+00
 -0.190352262605645E+00
 -0.189894472249014E+00
 -0.189540328535947E+00
 -0.189238348517133E+00
 -0.188689038154231E+00
 -0.188081998173783E+00
 -0.187727108636840E+00
 -0.187125849948382E+00
 -0.186892243236410E+00
 -0.186094185994234E+00
 -0.186061619238823E+00
 -0.185251450429895E+00
 -0.184813051884165E+00
 -0.184522322507078E+00
 -0.184135140013676E+00
 -0.183577682222287E+00
 -0.183265971685560E+00
 -0.182671914233170E+00
 -0.182115430379458E+00
 -0.181857920187917E+00
 -0.181161753995750E+00
 -0.180929507453334E+00
 -0.180407534993728E+00
 -0.179984277988093E+00
 -0.179560372381949E+00
 -0.179419785385068E+00
 -0.178790794041874E+00
 -0.178219007625669E+00
 -0.177799674969652E+00
 -0.177350904615653E+00
 -0.177192204876395E+00
 -0.176454215624945E+00
 -0.176098916660648E+00
 -0.175647021702423E+00
 -0.174900551019509E+00
 -0.174466882650774E+00
 -0.174304270066204E+00
 -0.173534599031700E+00
 -0.173586406471908E+00
 -0.172662761287036E+00
 -0.172498361530316E+00
 -0.171995192227345E+00
 -0.171635338085998E+00
 -0.171384893348273E+00
 -0.170746726300424E+00
 -0.170248256223466E+00
 -0.170071296084164E+00
 -0.169359961032102E+00
 -0.168917527188284E+00
 -0.168706786653256E+00
 -0.168135471301912E+00
 -0.167896985679760E+00
 -0.167526747607787E+00
 -0.166906565000510E+00
 -0.166623812692914E+00
 -0.165878967167662E+00
 -0.165921032081455E+00
 -0.165216341903868E+00
 -0.165012428015414E+00
 -0.164505821446207E+00
 -0.164366434547804E+00
 -0.163759850099266E+00
 -0.163306984083106E+00
 -0.162758123366322E+00
 -0.162462799159352E+00
 -0.162330779499391E+00
 -0.161872369848337E+00
 -0.161206305714513E+00
 -0.160777331243885E+00
 -0.160487950189151E+00
 -0.160163852255699E+00
 -0.159551711160170E+00
 -0.159665295017296E+00
 -0.158763583702977E+00
 -0.158611486437090E+00
 -0.158040249102848E+00
 -0.157664461386745E+00
 -0.157284009559318E+00
 -0.156891472002771E+00
 -0.156554533444575E+00
 -0.156279709735122E+00
 -0.155741937796732E+00
 -0.155399806737063E+00
 -0.154953685613316E+00
 -0.154758497974058E+00
 -0.154003651475432E+00
 -0.153681913180857E+00
 -0.153483284973820E+00
 -0.152996884875895E+00
 -0.152522615198119E+00
 -0.152172292463178E+00
 -0.151725778375122E+00
 -0.151659083775637E+00
 -0.150983831036331E+00
 -0.150891643155578E+00
 -0.150517525576688E+00
 -0.149790587502778E+00
 -0.149792267075041E+00
 -0.149441768391869E+00
 -0.148998999226924E+00
 -0.148584341605174E+00
 -0.148155659737342E+00
 -0.147865943176048E+00
 -0.147269669072377E+00
 -0.147170867338112E+00
 -0.146646781799800E+00
 -0.146158016967994E+00
 -0.145635793487002E+00
 -0.145603422350146E+00
 -0.145161766889028E+00
 -0.144962527893304E+00
 -0.144331798916407E+00
 -0.144301336106700E+00
 -0.143822763757769E+00
 -0.143525400372710E+00
 -0.143249117441348E+00
 -0.142840563394709E+00
 -0.142304332164255E+00
 -0.142202109708935E+00
 -0.141801515002229E+00
 -0.141233702930652E+00
 -0.140984603100903E+00
 -0.140548515061291E+00
 -0.140234991026702E+00
 -0.140036455522601E+00
 -0.139454096521844E+00
 -0.139155965015702E+00
 -0.139072640454655E+00
 -0.138470965365087E+00
 -0.138425736237334E+00
 -0.137860983875455E+00
 -0.137870527651042E+00
 -0.137191026905902E+00
 -0.137017470827521E+00
 -0.136539622130538E+00
 -0.136236722579249E+00
 -0.135818745686120E+00
 -0.135402693395483E+00
 -0.135260404963799E+00
 -0.135089849383299E+00
 -0.134537969252987E+00
 -0.134110274032705E+00
 -0.133958797325388E+00
 -0.133424452955682E+00
 -0.133213674700034E+00
 -0.132696622121494E+00
 -0.132542273941894E+00
 -0.132174808588280E+00
 -0.131848762798982E+00
 -0.131578985726926E+00
 -0.131601219349536E+00
 -0.131061053947570E+00
 -0.130592362129369E+00
 -0.130357025928063E+00
 -0.129993063122229E+00
 -0.129544636064241E+00
 -0.129336748980188E+00
 -0.129167136272331E+00
 -0.128530033476633E+00
 -0.128205089591697E+00
 -0.128128422874217E+00
 -0.127699126310729E+00
 -0.127521107991044E+00
 -0.127159172520859E+00
 -0.126788123504603E+00
 -0.126283599039352E+00
 -0.125835010779684E+00
 -0.125846851828746E+00
 -0.125523284673706E+00
 -0.125049681879878E+00
 -0.124904365318621E+00
 -0.124538454595191E+00
 -0.124256561974463E+00
 -0.123835153097691E+00
 -0.123796230461058E+00
 -0.123385525595376E+00
 -0.122875807937509E+00
 -0.122528717736801E+00
 -0.122338923611466E+00
 -0.122037989997934E+00
 -0.121819291922515E+00
 -0.121376242275524E+00
 -0.121361312104295E+00
 -0.120993769314187E+00
 -0.120464014861718E+00
 -0.120416289840417E+00
 -0.119966409092941E+00
 -0.119918475224245E+00
 -0.119375995365270E+00
 -0.119200319216981E+00
 -0.119109458945607E+00
 -0.118935070996178E+00
 -0.118205159605699E+00
 -0.118141583397832E+00
 -0.117394122129532E+00
 -0.117326030256275E+00
 -0.117095295518530E+00
 -0.116942247269278E+00
 -0.116539286010123E+00
 -0.116056116353828E+00
 -0.116012496422641E+00
 -0.115721971824841E+00
 -0.115457659638235E+00
 -0.115153723834146E+00
 -0.114759953085309E+00
 -0.114706957856720E+00
 -0.114431143060152E+00
 -0.114201317127312E+00
 -0.113863852321379E+00
 -0.113447372333530E+00
 -0.112977361776739E+00
 -0.112939832785761E+00
 -0.112648061909797E+00
 -0.112330596975139E+00
 -0.112182475044226E+00
 -0.112180475879252E+00
 -0.111676797961385E+00
 -0.111377928796856E+00
 -0.111344882023303E+00
 -0.110698195690254E+00
 -0.110673708760830E+00
 -0.110100409245709E+00
 -0.110201066164053E+00
 -0.109726920144668E+00
 -0.109527289322141E+00
 -0.109292659684656E+00
 -0.108892702362556E+00
 -0.108587013811534E+00
 -0.108399965930558E+00
 -0.108032584984814E+00
 -0.107886015441892E+00
 -0.107695836621231E+00
 -0.107287761780183E+00
 -0.107077272070100E+00
 -0.106982663797060E+00
 -0.106605788595288E+00
 -0.106403427846958E+00
 -0.106092061735541E+00
 -0.105909746051153E+00
 -0.105538823528415E+00
 -0.105429318878403E+00
 -0.105175024220945E+00
 -0.104601762948665E+00
 -0.104448887304380E+00
 -0.104243771883370E+00
 -0.104027176868032E+00
 -0.103600598228840E+00
 -0.103586219409545E+00
 -0.103346102062747E+00
 -0.103049121854398E+00
 -0.102817915712825E+00
 -0.102529397664593E+00
 -0.102284546989454E+00
 -0.102189272622702E+00
 -0.101670095066769E+00
 -0.101771975564970E+00
 -0.101415208129010E+00
 -0.101372566752454E+00
 -0.101094026551621E+00
 -0.100913340419755E+00
 -0.100418518189762E+00
 -0.100353114255941E+00
 -0.100044404943820E+00
 -0.997676991746423E-01
 -0.997623306445361E-01
 -0.990836765720773E-01
 -0.991039085249859E-01
 -0.988641454605123E-01
 -0.985092393473136E-01
 -0.983056165823810E-01
 -0.981958192691680E-01
 -0.978625686646656E-01
 -0.976384410355935E-01
 -0.974632771367212E-01
 -0.974924352518537E-01
 -0.969719235029862E-01
 -0.967099186852864E-01
 -0.965163940811405E-01
 -0.962980426395008E-01
 -0.959785924750356E-01
 -0.959148125778362E-01
 -0.957017095236453E-01
 -0.952620657263102E-01
 -0.950384313375729E-01
 -0.950631072143986E-01
 -0.946216448810706E-01
 -0.944074936449143E-01
 -0.944560901759822E-01
 -0.940385356760280E-01
 -0.936322430674417E-01
 -0.936620584665204E-01
 -0.934220293042957E-01
 -0.931329162080344E-01
 -0.928860298438549E-01
 -0.927217906121891E-01
 -0.925519800065265E-01
 -0.923619910738711E-01
 -0.921427643860556E-01
 -0.917430643315509E-01
 -0.916164501136714E-01
 -0.912697638069410E-01
 -0.912280024579666E-01
 -0.907492896990430E-01
 -0.908975734300969E-01
 -0.903334612492915E-01
 -0.903390409272934E-01
 -0.902066141456625E-01
 -0.901369717427886E-01
 -0.897901544573340E-01
 -0.895599168362007E-01
 -0.892796622682829E-01
 -0.889733784567325E-01
 -0.889084636917423E-01
 -0.886528551204623E-01
 -0.885051882439615E-01
 -0.882812373264332E-01
 -0.880247401767756E-01
 -0.881041815863441E-01
 -0.875423640123320E-01
 -0.873415220428264E-01
 -0.871772903892781E-01
 -0.869022879650389E-01
 -0.866943536488381E-01
 -0.867026854891773E-01
 -0.864499036009409E-01
 -0.861742766277190E-01
 -0.861540184134187E-01
 -0.858665337162657E-01
 -0.858105709806901E-01
 -0.853530504389461E-01
 -0.851183199546515E-01
 -0.848572638112914E-01
 -0.847427661943483E-01
 -0.844852625224701E-01
 -0.844005833371995E-01
 -0.840072699877308E-01
 -0.839027168470578E-01
 -0.837384730732992E-01
 -0.836568061580657E-01
 -0.834807281128751E-01
 -0.832305183608757E-01
 -0.826818786113742E-01
 -0.827772346861536E-01
 -0.823579744666408E-01
 -0.821942162650848E-01
 -0.820301393253680E-01
 -0.820725870568064E-01
 -0.817438702272364E-01
 -0.815624780250712E-01
 -0.813402169180902E-01
 -0.813612228599998E-01
 -0.808805260630895E-01
 -0.808697957982303E-01
 -0.806519411688656E-01
 -0.805175974470262E-01
 -0.802020053346852E-01
 -0.800799237978945E-01
 -0.798224230639097E-01
 -0.795365900706504E-01
 -0.793549487217562E-01
 -0.794736625430804E-01
 -0.790982178330355E-01
 -0.786906488318919E-01
 -0.786493968282961E-01
 -0.781214196155349E-01
 -0.782464691027536E-01
 -0.782873184828312E-01
 -0.778229836490705E-01
 -0.778288013901019E-01
 -0.773288568060699E-01
 -0.774698242118886E-01
 -0.770803006864558E-01
 -0.770465462578304E-01
 -0.766919783234820E-01
 -0.765976796725420E-01
 -0.764553273935541E-01
 -0.763258589600837E-01
 -0.759544104735218E-01
 -0.761518512967084E-01
 -0.758650826704518E-01
 -0.758281818054618E-01
 -0.756540127712064E-01
 -0.755358323594394E-01
 -0.751070162590457E-01
 -0.748650875721110E-01
 -0.746771701283950E-01
 -0.747159186922193E-01
 -0.744684930711501E-01
 -0.742454668796450E-01
 -0.743153016156997E-01
 -0.737750628607325E-01
 -0.736775887260877E-01
 -0.734901493950649E-01
 -0.734119666692515E-01
 -0.734411892943471E-01
 -0.731196702134107E-01
 -0.730730365592182E-01
 -0.727714338976035E-01
 -0.726170726302542E-01
 -0.724884918465965E-01
 -0.720890443946514E-01
 -0.723267207731190E-01
 -0.719319616409323E-01
 -0.718466008099694E-01
 -0.717800469484187E-01
 -0.717092739067644E-01
 -0.714116453233339E-01
 -0.712990109281902E-01
 -0.709091990808943E-01
 -0.709525859427920E-01
 -0.705249437398982E-01
 -0.703898248517099E-01
 -0.701672011693294E-01
 -0.699956908931001E-01
 -0.699403036062140E-01
 -0.698640084482855E-01
 -0.696389010912242E-01
 -0.694866314967547E-01
 -0.693001186249131E-01
 -0.693875537762690E-01
 -0.688151963771151E-01
 -0.689073701282860E-01
 -0.688238849886117E-01
 -0.685415227073199E-01
 -0.682579836400362E-01
 -0.680971017618780E-01
 -0.681189624662669E-01
 -0.679765422618541E-01
 -0.676529510582543E-01
 -0.676789242270765E-01
 -0.674137718510830E-01
 -0.672890887121841E-01
 -0.668756319625306E-01
 -0.668437619994813E-01
 -0.664390980385184E-01
 -0.664777615979567E-01
 -0.663930271203672E-01
 -0.662280572591114E-01
 -0.661816423870907E-01
 -0.658397990216301E-01
 -0.657745774075896E-01
 -0.657746998668584E-01
 -0.656634063205491E-01
 -0.652624460893892E-01
 -0.651938674310547E-01
 -0.651707705455432E-01
 -0.650324327812270E-01
 -0.649189934464856E-01
 -0.646902100599868E-01
 -0.645904285356090E-01
 -0.642901766331399E-01
 -0.642535676604493E-01
 -0.640207394495099E-01
 -0.639835734079654E-01
 -0.638613051640229E-01
 -0.634572657016098E-01
 -0.637304487627427E-01
 -0.631136935476999E-01
 -0.632167926866850E-01
 -0.631351173046652E-01
 -0.629504917462997E-01
 -0.627286260054959E-01
 -0.626113740906823E-01
 -0.627411425075122E-01
 -0.622980786816150E-01
 -0.625261705656829E-01
 -0.621206213272348E-01
 -0.620560155542106E-01
 -0.618562484543610E-01
 -0.618468724213611E-01
 -0.618544343247294E-01
 -0.616382862106026E-01
 -0.614137681686658E-01
 -0.611376687092579E-01
 -0.612015888020680E-01
 -0.608513411026717E-01
 -0.608233513470671E-01
 -0.603407892193158E-01
 -0.605756655342030E-01
 -0.604980182408029E-01
 -0.601809032151198E-01
 -0.600999594732732E-01
 -0.600644316624098E-01
 -0.598606852807504E-01
 -0.597560046074295E-01
 -0.597244521055927E-01
 -0.596203714906792E-01
 -0.593312367317757E-01
 -0.591955906708207E-01
 -0.591080574642127E-01
 -0.590237697886817E-01
 -0.588186304386187E-01
 -0.589366154374439E-01
 -0.587133373973342E-01
 -0.584833902017574E-01
 -0.583513939407630E-01
 -0.583442559585858E-01
 -0.582162189453276E-01
 -0.580289758144634E-01
 -0.582630762415908E-01
 -0.578946402203146E-01
 -0.575698504812433E-01
 -0.576054405607796E-01
 -0.574654062314309E-01
 -0.576079437039969E-01
 -0.570314975607656E-01
 -0.572348199859710E-01
 -0.571270218264870E-01
 -0.567925852491739E-01
 -0.568359678986570E-01
 -0.563884271086080E-01
 -0.566575660160069E-01
 -0.561999330105053E-01
 -0.563079538745902E-01
 -0.562565831144488E-01
 -0.560498135476015E-01
 -0.560257134634350E-01
 -0.557037361149037E-01
 -0.558154761727704E-01
 -0.556808507034891E-01
 -0.556710550855840E-01
 -0.554590208241952E-01
 -0.552086509049928E-01
 -0.551750507548369E-01
 -0.551322084102566E-01
 -0.550550517189368E-01
 -0.548749957945285E-01
 -0.549267851080881E-01
 -0.545084236282884E-01
 -0.548106974199582E-01
 -0.543496865467868E-01
 -0.542753238989833E-01
 -0.542113088458444E-01
 -0.540503853109320E-01
 -0.536553985509620E-01
 -0.538792004029529E-01
 -0.535929736841353E-01
 -0.535440822896347E-01
 -0.535455258791827E-01
 -0.534847400364006E-01
 -0.534301456958518E-01
 -0.530994019076463E-01
 -0.532354340417079E-01
 -0.531926035321797E-01
 -0.529092104824565E-01
 -0.527984910834653E-01
 -0.526887026480463E-01
 -0.526235831608709E-01
 -0.524054472885618E-01
 -0.524307963066209E-01
 -0.523729771538225E-01
 -0.523861113367914E-01
 -0.523579711180386E-01
 -0.520417739590054E-01
 -0.519593859020811E-01
 -0.516932309877458E-01
 -0.514249243852280E-01
 -0.514602703565461E-01
 -0.516149860612855E-01
 -0.512725388116733E-01
 -0.512699861292699E-01
 -0.510358298333144E-01
 -0.509207749801580E-01
 -0.509986351277736E-01
 -0.506994565718949E-01
 -0.506621229896715E-01
 -0.503618396967889E-01
 -0.503548155828761E-01
 -0.503937941943152E-01
 -0.501971876373720E-01
 -0.503937503704013E-01
 -0.503625523107515E-01
 -0.500957471949139E-01
 -0.499818343483732E-01
 -0.499009867851325E-01
 -0.497890608979976E-01
 -0.495532008814182E-01
 -0.494845663972130E-01
 -0.494507513410471E-01
 -0.495013926891059E-01
 -0.493289462628471E-01
 -0.491893733276110E-01
 -0.491329217241410E-01
 -0.489574925125253E-01
 -0.488646387676877E-01
 -0.487839457103111E-01
 -0.487243224289505E-01
 -0.486062100555745E-01
 -0.486637525423947E-01
 -0.482478226802398E-01
 -0.485325009077291E-01
 -0.483627464319116E-01
 -0.480434530763257E-01
 -0.483846102531215E-01
 -0.480738802770997E-01
 -0.479444286052916E-01
 -0.480647677329115E-01
 -0.477800338688674E-01
 -0.474668054738037E-01
 -0.474460014041448E-01
 -0.473037153379881E-01
 -0.475504793973972E-01
 -0.473970036525167E-01
 -0.471681671731742E-01
 -0.471565598124845E-01
 -0.472809848848874E-01
 -0.471747109124119E-01
 -0.468352036760438E-01
 -0.467511859955278E-01
 -0.467690008978740E-01
 -0.467383554049817E-01
 -0.466627624834345E-01
 -0.464955611701815E-01
 -0.464682554258535E-01
 -0.463627700971618E-01
 -0.464970033264474E-01
 -0.461844760415813E-01
 -0.459710082880812E-01
 -0.459887996333962E-01
 -0.461717052431074E-01
 -0.458574578509697E-01
 -0.457175327280316E-01
 -0.455934656448804E-01
 -0.456987033025433E-01
 -0.453880975543135E-01
 -0.452990451860909E-01
 -0.452957527722670E-01
 -0.451547702811618E-01
 -0.449950705297677E-01
 -0.453385014422650E-01
 -0.451032674318802E-01
 -0.450395559259083E-01
 -0.450474484185654E-01
 -0.448617887362857E-01
 -0.448087444027044E-01
 -0.447922621753669E-01
 -0.445369362072650E-01
 -0.446665876649395E-01
 -0.446064540870063E-01
 -0.443573437230541E-01
 -0.441806311474341E-01
 -0.442806479609971E-01
 -0.437433333863696E-01
 -0.440968325115961E-01
 -0.439029799824489E-01
 -0.438525175664891E-01
 -0.437158818732369E-01
 -0.437633773639503E-01
 -0.437364271159611E-01
 -0.435694171050643E-01
 -0.434223619304044E-01
 -0.434703288248548E-01
 -0.435572406710146E-01
 -0.431199783702814E-01
 -0.434621452307868E-01
 -0.431875992688604E-01
 -0.431228835294402E-01
 -0.433362553419776E-01
 -0.430460765470446E-01
 -0.432398004399558E-01
 -0.427806741905739E-01
 -0.430441953097847E-01
 -0.429463165213474E-01
 -0.426371848393908E-01
 -0.426032727808466E-01
 -0.424419234561822E-01
 -0.423864646586408E-01
 -0.423361045758580E-01
 -0.421802934781424E-01
 -0.423002099587936E-01
 -0.420853800285755E-01
 -0.421799899097451E-01
 -0.421788329686863E-01
 -0.420744076049644E-01
 -0.419695334435167E-01
 -0.419928244649886E-01
 -0.418575089856512E-01
 -0.416626352239298E-01
 -0.416389182687579E-01
 -0.416843056530179E-01
 -0.414947888262147E-01
 -0.414661272731938E-01
 -0.414982552390555E-01
 -0.413570766017947E-01
 -0.413438093560517E-01
 -0.412901123207876E-01
 -0.409205570530323E-01
 -0.410965895193071E-01
 -0.409950636738542E-01
 -0.409296666685711E-01
 -0.410925690574039E-01
 -0.408174296264089E-01
 -0.411707584664710E-01
 -0.409621532726587E-01
 -0.409762772225095E-01
 -0.409718855562831E-01
 -0.406947360198056E-01
 -0.407244691443116E-01
 -0.407662892844034E-01
 -0.407016107452594E-01
 -0.404627078200110E-01
 -0.404114377421749E-01
 -0.403056559039013E-01
 -0.403312487592246E-01
 -0.403442557486800E-01
 -0.402735080929079E-01
 -0.401094011719319E-01
 -0.400163921786595E-01
 -0.399244349137199E-01
 -0.399357563566017E-01
 -0.398978932084885E-01
 -0.397395254032063E-01
 -0.399258413537739E-01
 -0.397100876925179E-01
 -0.397814458613240E-01
 -0.396312342167618E-01
 -0.397535681194663E-01
 -0.395710423755136E-01
 -0.396520608979676E-01
 -0.394396414016622E-01
 -0.395330797253607E-01
 -0.394088179248825E-01
 -0.392454876241038E-01
 -0.396063739392327E-01
 -0.394001845518147E-01
 -0.393825860211331E-01
 -0.390941160392576E-01
 -0.392989168012630E-01
 -0.391948016562372E-01
 -0.392595838782850E-01
 -0.391127141489567E-01
 -0.390824003356693E-01
 -0.391795382407174E-01
 -0.390468673821627E-01
 -0.391041322114000E-01
 -0.388733660569253E-01
 -0.389945692919152E-01
 -0.388461093183045E-01
 -0.389384032486188E-01
 -0.386971846181318E-01
 -0.386845720347952E-01
 -0.387920118622638E-01
 -0.386834307023240E-01
 -0.386161166024081E-01
 -0.384499469909198E-01
 -0.386044289398305E-01
 -0.385209342613268E-01
 -0.383439139193628E-01
 -0.384389280649526E-01
 -0.383213517312066E-01
 -0.384158418398409E-01
 -0.384017693762797E-01
 -0.383569767985682E-01
 -0.384861226455215E-01
 -0.382185234102247E-01
 -0.381892045915899E-01
 -0.381601993215023E-01
 -0.378170098980841E-01
 -0.379349791883710E-01
 -0.380216421740081E-01
 -0.378136512463011E-01
 -0.379518133861296E-01
 -0.376259234536776E-01
 -0.377533957301093E-01
 -0.376357715707942E-01
 -0.377871554496894E-01
 -0.376513200672160E-01
 -0.377786301783281E-01
 -0.376297306870920E-01
 -0.375538958064034E-01
 -0.377495123633649E-01
 -0.376004433760889E-01
 -0.375730430568185E-01
 -0.375618889763813E-01
 -0.375052807315133E-01
 -0.374178320425888E-01
 -0.373609713114842E-01
 -0.373835407689507E-01
 -0.373768115173876E-01
 -0.374412891956292E-01
 -0.370269567088632E-01
 -0.374535080069277E-01
 -0.371077333686005E-01
 -0.371608604689641E-01
 -0.371987609667114E-01
 -0.371966795460306E-01
 -0.372390264095126E-01
 -0.368966763603529E-01
 -0.369175104606264E-01
 -0.370414789191656E-01
 -0.366621346941018E-01
 -0.367819954746195E-01
 -0.370548548597719E-01
 -0.369418940856317E-01
 -0.371026938980167E-01
 -0.370293845726208E-01
 -0.367003405448712E-01
 -0.366352493072016E-01
 -0.369128719563512E-01
 -0.367086602824090E-01
 -0.368324904404363E-01
 -0.366085639707210E-01
 -0.368471582117800E-01
 -0.368918683666303E-01
 -0.364223058107163E-01
 -0.368598116278316E-01
 -0.363770026716482E-01
 -0.367297427964978E-01
 -0.366190324139951E-01
 -0.364677443577324E-01
 -0.365266089517026E-01
 -0.367175678783228E-01
 -0.364156857675005E-01
 -0.364498888287920E-01
 -0.366136649221077E-01
 -0.365424590552106E-01
 -0.367284942508782E-01
 -0.364523631631596E-01
 -0.362678194566453E-01
 -0.362542513836534E-01
 -0.363707442152540E-01
 -0.364493588346339E-01
 -0.361715112673921E-01
 -0.362888192732877E-01
 -0.358579746414906E-01
 -0.363977912922005E-01
 -0.363272806209912E-01
 -0.363164984114666E-01
 -0.363471425685633E-01
 -0.360078976831901E-01
 -0.361087242400376E-01
 -0.360635555216244E-01
 -0.359669987736172E-01
 -0.362062292444625E-01
 -0.360158348938191E-01
 -0.362147793560885E-01
 -0.360992113313539E-01
 -0.358301931002433E-01
 -0.359574031817186E-01
 -0.358596593209653E-01
 -0.358472725605306E-01
 -0.360392945191527E-01
 -0.358255963543935E-01
 -0.360440234171495E-01
 -0.361094709549309E-01
 -0.362020333124061E-01
 -0.357211800854627E-01
 -0.362013349008772E-01
 -0.361336290907802E-01
 -0.358639911724642E-01
 -0.358853741841196E-01
 -0.358269209607392E-01
 -0.359269780841617E-01
 -0.358172851731418E-01
 -0.358892479483922E-01
 -0.359111765183189E-01
 -0.358362773527339E-01
 -0.357130836008536E-01
 -0.358726130863002E-01
 -0.357705761891952E-01
 -0.357780812910069E-01
 -0.360020613166638E-01
 -0.356865799593658E-01
 -0.358532276565267E-01
 -0.360039521581819E-01
 -0.358715762751946E-01
 -0.359821352084465E-01
 -0.359361223857658E-01
 -0.359633026511710E-01
 -0.360445447641576E-01
 -0.356218623354243E-01
 -0.360164588473762E-01
 -0.360851425640052E-01
 -0.360557169629789E-01
 -0.358620715572281E-01
 -0.358532966468811E-01
 -0.358207157341785E-01
 -0.360383480568487E-01
 -0.358372412470342E-01
 -0.358075232263290E-01
 -0.356827557037780E-01
 -0.358075232226394E-01
 -0.358372412534638E-01
 -0.360383480559362E-01
 -0.358207157354634E-01
 -0.358532966414028E-01
 -0.358620715574085E-01
 -0.360557169627288E-01
 -0.360851425630708E-01
 -0.360164588468655E-01
 -0.356218623346186E-01
 -0.360445447627891E-01
 -0.359633026580782E-01
 -0.359361223824219E-01
 -0.359821352166611E-01
 -0.358715762733906E-01
 -0.360039521590588E-01
 -0.358532276512920E-01
 -0.356865799634854E-01
 -0.360020613207127E-01
 -0.357780812946122E-01
 -0.357705761877183E-01
 -0.358726130866007E-01
 -0.357130836070664E-01
 -0.358362773501349E-01
 -0.359111765194895E-01
 -0.358892479494534E-01
 -0.358172851695707E-01
 -0.359269780837944E-01
 -0.358269209567043E-01
 -0.358853741843838E-01
 -0.358639911717779E-01
 -0.361336290894688E-01
 -0.362013348987068E-01
 -0.357211800858675E-01
 -0.362020333158532E-01
 -0.361094709552275E-01
 -0.360440234243834E-01
 -0.358255963544221E-01
 -0.360392945210956E-01
 -0.358472725527972E-01
 -0.358596593209603E-01
 -0.359574031814897E-01
 -0.358301930976556E-01
 -0.360992113358901E-01
 -0.362147793573036E-01
 -0.360158348950002E-01
 -0.362062292427579E-01
 -0.359669987711432E-01
 -0.360635555313483E-01
 -0.361087242462807E-01
 -0.360078976830692E-01
 -0.363471425429919E-01
 -0.363164984093108E-01
 -0.363272806188932E-01
 -0.363977912902586E-01
 -0.358579746395530E-01
 -0.362888192779208E-01
 -0.361715112625347E-01
 -0.364493588437361E-01
 -0.363707442186191E-01
 -0.362542513844776E-01
 -0.362678194548460E-01
 -0.364523631620770E-01
 -0.367284942499684E-01
 -0.365424590513456E-01
 -0.366136649223634E-01
 -0.364498888288186E-01
 -0.364156857655806E-01
 -0.367175678737593E-01
 -0.365266089503312E-01
 -0.364677443600401E-01
 -0.366190324185831E-01
 -0.367297427983653E-01
 -0.363770026721701E-01
 -0.368598116225867E-01
 -0.364223058081240E-01
 -0.368918683653773E-01
 -0.368471582112216E-01
 -0.366085639782190E-01
 -0.368324904370758E-01
 -0.367086602833061E-01
 -0.369128719493066E-01
 -0.366352493040088E-01
 -0.367003405450014E-01
 -0.370293845700034E-01
 -0.371026938964450E-01
 -0.369418940840289E-01
 -0.370548548617149E-01
 -0.367819954788739E-01
 -0.366621346989422E-01
 -0.370414789209454E-01
 -0.369175104588986E-01
 -0.368966763602714E-01
 -0.372390264051709E-01
 -0.371966795478606E-01
 -0.371987609689328E-01
 -0.371608604685474E-01
 -0.371077333704925E-01
 -0.374535080123709E-01
 -0.370269567095179E-01
 -0.374412891967383E-01
 -0.373768115160661E-01
 -0.373835407698796E-01
 -0.373609713115322E-01
 -0.374178320414988E-01
 -0.375052807329914E-01
 -0.375618889774913E-01
 -0.375730430605760E-01
 -0.376004433757867E-01
 -0.377495123590866E-01
 -0.375538958061485E-01
 -0.376297306940011E-01
 -0.377786301805631E-01
 -0.376513200689754E-01
 -0.377871554485808E-01
 -0.376357715697890E-01
 -0.377533957305199E-01
 -0.376259234543204E-01
 -0.379518133838970E-01
 -0.378136512459951E-01
 -0.380216421747893E-01
 -0.379349791864406E-01
 -0.378170098973902E-01
 -0.381601993193382E-01
 -0.381892045892210E-01
 -0.382185234093564E-01
 -0.384861226462768E-01
 -0.383569767966681E-01
 -0.384017693741880E-01
 -0.384158418433132E-01
 -0.383213517325963E-01
 -0.384389280618294E-01
 -0.383439139196193E-01
 -0.385209342633966E-01
 -0.386044289417986E-01
 -0.384499469881700E-01
 -0.386161166066045E-01
 -0.386834307004249E-01
 -0.387920118644556E-01
 -0.386845720355352E-01
 -0.386971846176109E-01
 -0.389384032521524E-01
 -0.388461093171661E-01
 -0.389945692791945E-01
 -0.388733660556520E-01
 -0.391041322091721E-01
 -0.390468673824072E-01
 -0.391795382422462E-01
 -0.390824003355490E-01
 -0.391127141482960E-01
 -0.392595838826865E-01
 -0.391948016565746E-01
 -0.392989167986760E-01
 -0.390941160388291E-01
 -0.393825860240749E-01
 -0.394001845576614E-01
 -0.396063739362730E-01
 -0.392454876239767E-01
 -0.394088179236578E-01
 -0.395330797219952E-01
 -0.394396413998583E-01
 -0.396520608967734E-01
 -0.395710423763714E-01
 -0.397535681147846E-01
 -0.396312342148601E-01
 -0.397814458615285E-01
 -0.397100877002424E-01
 -0.399258413520442E-01
 -0.397395254068468E-01
 -0.398978931940760E-01
 -0.399357563565288E-01
 -0.399244349155245E-01
 -0.400163921786204E-01
 -0.401094011680512E-01
 -0.402735080924019E-01
 -0.403442557543645E-01
 -0.403312487437305E-01
 -0.403056559025138E-01
 -0.404114377420297E-01
 -0.404627078220392E-01
 -0.407016107471326E-01
 -0.407662892828468E-01
 -0.407244691464945E-01
 -0.406947360205880E-01
 -0.409718855551901E-01
 -0.409762772220183E-01
 -0.409621532749043E-01
 -0.411707584666490E-01
 -0.408174296393495E-01
 -0.410925690582159E-01
 -0.409296666689382E-01
 -0.409950636749333E-01
 -0.410965895188580E-01
 -0.409205570523182E-01
 -0.412901123202617E-01
 -0.413438093532733E-01
 -0.413570766019144E-01
 -0.414982552469585E-01
 -0.414661272719852E-01
 -0.414947888277637E-01
 -0.416843056527333E-01
 -0.416389182654887E-01
 -0.416626352257067E-01
 -0.418575089832545E-01
 -0.419928244669454E-01
 -0.419695334487027E-01
 -0.420744076058857E-01
 -0.421788329693748E-01
 -0.421799899103481E-01
 -0.420853800258657E-01
 -0.423002099571497E-01
 -0.421802934720110E-01
 -0.423361045775690E-01
 -0.423864646585800E-01
 -0.424419234530413E-01
 -0.426032727767130E-01
 -0.426371848366426E-01
 -0.429463165218245E-01
 -0.430441953123617E-01
 -0.427806741905959E-01
 -0.432398004397771E-01
 -0.430460765460208E-01
 -0.433362553434666E-01
 -0.431228835317395E-01
 -0.431875992674826E-01
 -0.434621452613441E-01
 -0.431199783684375E-01
 -0.435572406762559E-01
 -0.434703288259989E-01
 -0.434223619270870E-01
 -0.435694171074334E-01
 -0.437364271213003E-01
 -0.437633773643964E-01
 -0.437158818681853E-01
 -0.438525175671118E-01
 -0.439029799832202E-01
 -0.440968325127672E-01
 -0.437433333860593E-01
 -0.442806479601999E-01
 -0.441806311446528E-01
 -0.443573437266409E-01
 -0.446064540870475E-01
 -0.446665876634115E-01
 -0.445369362051275E-01
 -0.447922621746913E-01
 -0.448087444009587E-01
 -0.448617887335599E-01
 -0.450474484173929E-01
 -0.450395559248049E-01
 -0.451032674284371E-01
 -0.453385014428962E-01
 -0.449950705266625E-01
 -0.451547702840428E-01
 -0.452957527742920E-01
 -0.452990451862823E-01
 -0.453880975539439E-01
 -0.456987033029995E-01
 -0.455934656435760E-01
 -0.457175327280582E-01
 -0.458574578524333E-01
 -0.461717052461422E-01
 -0.459887996305066E-01
 -0.459710082894731E-01
 -0.461844760448780E-01
 -0.464970033256534E-01
 -0.463627700984588E-01
 -0.464682554264888E-01
 -0.464955611751516E-01
 -0.466627624853513E-01
 -0.467383554061961E-01
 -0.467690009002812E-01
 -0.467511859962774E-01
 -0.468352036786323E-01
 -0.471747109117908E-01
 -0.472809848860638E-01
 -0.471565598159367E-01
 -0.471681671673700E-01
 -0.473970036509739E-01
 -0.475504793997238E-01
 -0.473037153407005E-01
 -0.474460014018951E-01
 -0.474668054737800E-01
 -0.477800338679811E-01
 -0.480647677377472E-01
 -0.479444286059938E-01
 -0.480738802755806E-01
 -0.483846102520272E-01
 -0.480434530841054E-01
 -0.483627464257276E-01
 -0.485325009125112E-01
 -0.482478226835228E-01
 -0.486637525380310E-01
 -0.486062100575987E-01
 -0.487243224328501E-01
 -0.487839457135467E-01
 -0.488646387690371E-01
 -0.489574925118903E-01
 -0.491329217248161E-01
 -0.491893733254917E-01
 -0.493289462696652E-01
 -0.495013926921201E-01
 -0.494507513431663E-01
 -0.494845663972801E-01
 -0.495532008813768E-01
 -0.497890608934475E-01
 -0.499009867838271E-01
 -0.499818343500965E-01
 -0.500957471954813E-01
 -0.503625523112300E-01
 -0.503937503762156E-01
 -0.501971876359065E-01
 -0.503937941968853E-01
 -0.503548155790126E-01
 -0.503618396927199E-01
 -0.506621229908622E-01
 -0.506994565709398E-01
 -0.509986351317790E-01
 -0.509207749814950E-01
 -0.510358298357488E-01
 -0.512699861264249E-01
 -0.512725388055596E-01
 -0.516149860633931E-01
 -0.514602703556640E-01
 -0.514249243820495E-01
 -0.516932309853183E-01
 -0.519593859009250E-01
 -0.520417739592007E-01
 -0.523579711178118E-01
 -0.523861113382712E-01
 -0.523729771494125E-01
 -0.524307963029490E-01
 -0.524054472864446E-01
 -0.526235831615715E-01
 -0.526887026467089E-01
 -0.527984910805592E-01
 -0.529092104886737E-01
 -0.531926035322753E-01
 -0.532354340430752E-01
 -0.530994019038531E-01
 -0.534301456973986E-01
 -0.534847400377911E-01
 -0.535455258822235E-01
 -0.535440822863261E-01
 -0.535929736864948E-01
 -0.538792004019873E-01
 -0.536553985499446E-01
 -0.540503853083993E-01
 -0.542113088505512E-01
 -0.542753238950878E-01
 -0.543496865466907E-01
 -0.548106974207151E-01
 -0.545084236253228E-01
 -0.549267851087458E-01
 -0.548749957990373E-01
 -0.550550517159318E-01
 -0.551322084061873E-01
 -0.551750507597705E-01
 -0.552086509016092E-01
 -0.554590208256872E-01
 -0.556710550882208E-01
 -0.556808507033890E-01
 -0.558154761741882E-01
 -0.557037361195469E-01
 -0.560257134629805E-01
 -0.560498135475491E-01
 -0.562565831130246E-01
 -0.563079538754692E-01
 -0.561999330135717E-01
 -0.566575660189879E-01
 -0.563884271069103E-01
 -0.568359678965788E-01
 -0.567925852468824E-01
 -0.571270218188860E-01
 -0.572348199855154E-01
 -0.570314975604434E-01
 -0.576079436854634E-01
 -0.574654062316954E-01
 -0.576054405574535E-01
 -0.575698504760477E-01
 -0.578946402205634E-01
 -0.582630762411308E-01
 -0.580289758155554E-01
 -0.582162189471380E-01
 -0.583442559589783E-01
 -0.583513939402214E-01
 -0.584833902053309E-01
 -0.587133373961726E-01
 -0.589366154314898E-01
 -0.588186304381589E-01
 -0.590237697839735E-01
 -0.591080574661652E-01
 -0.591955906736794E-01
 -0.593312367288108E-01
 -0.596203714890041E-01
 -0.597244521053332E-01
 -0.597560046094555E-01
 -0.598606852823136E-01
 -0.600644316595609E-01
 -0.600999594725481E-01
 -0.601809032148794E-01
 -0.604980182469203E-01
 -0.605756655347897E-01
 -0.603407892248159E-01
 -0.608233513477971E-01
 -0.608513411012390E-01
 -0.612015888018056E-01
 -0.611376686970518E-01
 -0.614137681656916E-01
 -0.616382862121743E-01
 -0.618544343268036E-01
 -0.618468724206583E-01
 -0.618562484532980E-01
 -0.620560155508238E-01
 -0.621206213357700E-01
 -0.625261705636485E-01
 -0.622980786803622E-01
 -0.627411425075541E-01
 -0.626113740869921E-01
 -0.627286260015341E-01
 -0.629504917486888E-01
 -0.631351173043192E-01
 -0.632167926858327E-01
 -0.631136935496129E-01
 -0.637304487624568E-01
 -0.634572657039650E-01
 -0.638613051682877E-01
 -0.639835734079631E-01
 -0.640207394491808E-01
 -0.642535676670810E-01
 -0.642901766302399E-01
 -0.645904285402793E-01
 -0.646902100704869E-01
 -0.649189934501561E-01
 -0.650324327811762E-01
 -0.651707705444485E-01
 -0.651938674298275E-01
 -0.652624460907999E-01
 -0.656634063207574E-01
 -0.657746998715310E-01
 -0.657745774076643E-01
 -0.658397990175006E-01
 -0.661816423875706E-01
 -0.662280572597928E-01
 -0.663930271218935E-01
 -0.664777616045307E-01
 -0.664390980388061E-01
 -0.668437619836103E-01
 -0.668756319633807E-01
 -0.672890887119779E-01
 -0.674137718531175E-01
 -0.676789242268858E-01
 -0.676529510617739E-01
 -0.679765422619246E-01
 -0.681189624678710E-01
 -0.680971017636728E-01
 -0.682579836386478E-01
 -0.685415227082544E-01
 -0.688238849869048E-01
 -0.689073701237812E-01
 -0.688151963820748E-01
 -0.693875537820718E-01
 -0.693001186221988E-01
 -0.694866315022711E-01
 -0.696389010865928E-01
 -0.698640084458687E-01
 -0.699403035997562E-01
 -0.699956908895828E-01
 -0.701672011685093E-01
 -0.703898248473795E-01
 -0.705249437437693E-01
 -0.709525859431079E-01
 -0.709091990788650E-01
 -0.712990109299575E-01
 -0.714116453214287E-01
 -0.717092739048281E-01
 -0.717800469471715E-01
 -0.718466008092615E-01
 -0.719319616420296E-01
 -0.723267207757027E-01
 -0.720890443972431E-01
 -0.724884918459621E-01
 -0.726170726235397E-01
 -0.727714338937396E-01
 -0.730730365605353E-01
 -0.731196702131535E-01
 -0.734411892943071E-01
 -0.734119666670940E-01
 -0.734901493971625E-01
 -0.736775887269716E-01
 -0.737750628585797E-01
 -0.743153016129181E-01
 -0.742454668798593E-01
 -0.744684930771324E-01
 -0.747159186862659E-01
 -0.746771701265430E-01
 -0.748650875729348E-01
 -0.751070162588942E-01
 -0.755358323596004E-01
 -0.756540127674864E-01
 -0.758281818050974E-01
 -0.758650826665953E-01
 -0.761518513077486E-01
 -0.759544104759120E-01
 -0.763258589549200E-01
 -0.764553273906398E-01
 -0.765976796661587E-01
 -0.766919783242204E-01
 -0.770465462568814E-01
 -0.770803006885443E-01
 -0.774698242145652E-01
 -0.773288568032147E-01
 -0.778288013881733E-01
 -0.778229836483430E-01
 -0.782873184803090E-01
 -0.782464691017368E-01
 -0.781214196180645E-01
 -0.786493968303392E-01
 -0.786906488276097E-01
 -0.790982178333798E-01
 -0.794736625451719E-01
 -0.793549487210357E-01
 -0.795365900666287E-01
 -0.798224230660995E-01
 -0.800799238001345E-01
 -0.802020053283762E-01
 -0.805175974573701E-01
 -0.806519411685943E-01
 -0.808697957961092E-01
 -0.808805260645824E-01
 -0.813612228600323E-01
 -0.813402169208164E-01
 -0.815624780304538E-01
 -0.817438702339869E-01
 -0.820725870585172E-01
 -0.820301393236719E-01
 -0.821942162632478E-01
 -0.823579744636921E-01
 -0.827772346869366E-01
 -0.826818786118751E-01
 -0.832305183627096E-01
 -0.834807281118727E-01
 -0.836568061587092E-01
 -0.837384730741274E-01
 -0.839027168453732E-01
 -0.840072699814379E-01
 -0.844005833360450E-01
 -0.844852625221511E-01
 -0.847427661940978E-01
 -0.848572638114507E-01
 -0.851183199540564E-01
 -0.853530504420253E-01
 -0.858105709800528E-01
 -0.858665337198768E-01
 -0.861540184138578E-01
 -0.861742766255822E-01
 -0.864499036016554E-01
 -0.867026854854597E-01
 -0.866943536508580E-01
 -0.869022879643661E-01
 -0.871772903913980E-01
 -0.873415220491778E-01
 -0.875423640099392E-01
 -0.881041815853081E-01
 -0.880247401755478E-01
 -0.882812373269485E-01
 -0.885051882402869E-01
 -0.886528551473068E-01
 -0.889084636857524E-01
 -0.889733784548508E-01
 -0.892796622698665E-01
 -0.895599168370660E-01
 -0.897901544595365E-01
 -0.901369717453770E-01
 -0.902066141451459E-01
 -0.903390409256640E-01
 -0.903334612552362E-01
 -0.908975734270397E-01
 -0.907492896949799E-01
 -0.912280024594009E-01
 -0.912697638048756E-01
 -0.916164501086012E-01
 -0.917430643295939E-01
 -0.921427644060619E-01
 -0.923619910724425E-01
 -0.925519800063388E-01
 -0.927217906101457E-01
 -0.928860298430844E-01
 -0.931329162070291E-01
 -0.934220293033371E-01
 -0.936620584658985E-01
 -0.936322430666424E-01
 -0.940385356784287E-01
 -0.944560901745212E-01
 -0.944074936423982E-01
 -0.946216448818650E-01
 -0.950631072173830E-01
 -0.950384313347194E-01
 -0.952620657211896E-01
 -0.957017095203559E-01
 -0.959148125757575E-01
 -0.959785924743564E-01
 -0.962980426372224E-01
 -0.965163940788094E-01
 -0.967099186849696E-01
 -0.969719235003352E-01
 -0.974924352501056E-01
 -0.974632771351160E-01
 -0.976384410360695E-01
 -0.978625686627289E-01
 -0.981958192694274E-01
 -0.983056165805622E-01
 -0.985092393482092E-01
 -0.988641454655752E-01
 -0.991039085249780E-01
 -0.990836765704413E-01
 -0.997623306413916E-01
 -0.997676991727996E-01
 -0.100044404946656E+00
 -0.100353114257106E+00
 -0.100418518191218E+00
 -0.100913340421799E+00
 -0.101094026556612E+00
 -0.101372566758452E+00
 -0.101415208131612E+00
 -0.101771975573095E+00
 -0.101670095067949E+00
 -0.102189272621846E+00
 -0.102284546981474E+00
 -0.102529397669170E+00
 -0.102817915712977E+00
 -0.103049121855550E+00
 -0.103346102063222E+00
 -0.103586219411791E+00
 -0.103600598229519E+00
 -0.104027176866941E+00
 -0.104243771880422E+00
 -0.104448887300775E+00
 -0.104601762948467E+00
 -0.105175024219506E+00
 -0.105429318875168E+00
 -0.105538823529095E+00
 -0.105909746049516E+00
 -0.106092061728697E+00
 -0.106403427841934E+00
 -0.106605788591856E+00
 -0.106982663803917E+00
 -0.107077272069931E+00
 -0.107287761778813E+00
 -0.107695836619879E+00
 -0.107886015441597E+00
 -0.108032584985582E+00
 -0.108399965934342E+00
 -0.108587013810334E+00
 -0.108892702363743E+00
 -0.109292659684684E+00
 -0.109527289314295E+00
 -0.109726920141760E+00
 -0.110201066161366E+00
 -0.110100409246173E+00
 -0.110673708762704E+00
 -0.110698195688069E+00
 -0.111344882026413E+00
 -0.111377928800306E+00
 -0.111676797960440E+00
 -0.112180475879552E+00
 -0.112182475046001E+00
 -0.112330596974466E+00
 -0.112648061912910E+00
 -0.112939832783475E+00
 -0.112977361772633E+00
 -0.113447372334501E+00
 -0.113863852315833E+00
 -0.114201317133575E+00
 -0.114431143059179E+00
 -0.114706957861069E+00
 -0.114759953084458E+00
 -0.115153723827540E+00
 -0.115457659637598E+00
 -0.115721971822661E+00
 -0.116012496426298E+00
 -0.116056116357092E+00
 -0.116539286006772E+00
 -0.116942247269574E+00
 -0.117095295517718E+00
 -0.117326030282786E+00
 -0.117394122129137E+00
 -0.118141583401025E+00
 -0.118205159608167E+00
 -0.118935070998619E+00
 -0.119109458931139E+00
 -0.119200319215629E+00
 -0.119375995364959E+00
 -0.119918475225069E+00
 -0.119966409088922E+00
 -0.120416289838534E+00
 -0.120464014862565E+00
 -0.120993769314271E+00
 -0.121361312102937E+00
 -0.121376242277129E+00
 -0.121819291916785E+00
 -0.122037989997871E+00
 -0.122338923611226E+00
 -0.122528717740450E+00
 -0.122875807941380E+00
 -0.123385525601089E+00
 -0.123796230458570E+00
 -0.123835153099094E+00
 -0.124256561976277E+00
 -0.124538454591957E+00
 -0.124904365318395E+00
 -0.125049681881370E+00
 -0.125523284673432E+00
 -0.125846851829355E+00
 -0.125835010779850E+00
 -0.126283599038078E+00
 -0.126788123503419E+00
 -0.127159172519847E+00
 -0.127521107993389E+00
 -0.127699126310500E+00
 -0.128128422879188E+00
 -0.128205089590211E+00
 -0.128530033482092E+00
 -0.129167136271727E+00
 -0.129336748977054E+00
 -0.129544636064761E+00
 -0.129993063124474E+00
 -0.130357025925814E+00
 -0.130592362127896E+00
 -0.131061053945149E+00
 -0.131601219346609E+00
 -0.131578985725559E+00
 -0.131848762802395E+00
 -0.132174808587545E+00
 -0.132542273940865E+00
 -0.132696622129377E+00
 -0.133213674700525E+00
 -0.133424452954656E+00
 -0.133958797325026E+00
 -0.134110274033533E+00
 -0.134537969252508E+00
 -0.135089849381786E+00
 -0.135260404964047E+00
 -0.135402693396914E+00
 -0.135818745685738E+00
 -0.136236722587757E+00
 -0.136539622129791E+00
 -0.137017470838278E+00
 -0.137191026904812E+00
 -0.137870527654142E+00
 -0.137860983873295E+00
 -0.138425736233962E+00
 -0.138470965361696E+00
 -0.139072640455420E+00
 -0.139155965014370E+00
 -0.139454096528220E+00
 -0.140036455520761E+00
 -0.140234991028424E+00
 -0.140548515064447E+00
 -0.140984603101659E+00
 -0.141233702942386E+00
 -0.141801515000738E+00
 -0.142202109707540E+00
 -0.142304332165964E+00
 -0.142840563395659E+00
 -0.143249117445537E+00
 -0.143525400376289E+00
 -0.143822763755955E+00
 -0.144301336103017E+00
 -0.144331798913709E+00
 -0.144962527892106E+00
 -0.145161766883061E+00
 -0.145603422351680E+00
 -0.145635793489314E+00
 -0.146158016969811E+00
 -0.146646781800104E+00
 -0.147170867339811E+00
 -0.147269669061954E+00
 -0.147865943176208E+00
 -0.148155659737408E+00
 -0.148584341604834E+00
 -0.148998999228165E+00
 -0.149441768389775E+00
 -0.149792267077296E+00
 -0.149790587500922E+00
 -0.150517525575116E+00
 -0.150891643152741E+00
 -0.150983831036780E+00
 -0.151659083776427E+00
 -0.151725778370974E+00
 -0.152172292461575E+00
 -0.152522615198712E+00
 -0.152996884880511E+00
 -0.153483284975731E+00
 -0.153681913176447E+00
 -0.154003651477692E+00
 -0.154758497973564E+00
 -0.154953685606196E+00
 -0.155399806737508E+00
 -0.155741937793727E+00
 -0.156279709730005E+00
 -0.156554533443580E+00
 -0.156891471997562E+00
 -0.157284009558619E+00
 -0.157664461385643E+00
 -0.158040249106559E+00
 -0.158611486435533E+00
 -0.158763583701361E+00
 -0.159665295004574E+00
 -0.159551711171257E+00
 -0.160163852253994E+00
 -0.160487950184176E+00
 -0.160777331248463E+00
 -0.161206305715516E+00
 -0.161872369848701E+00
 -0.162330779505231E+00
 -0.162462799157672E+00
 -0.162758123365567E+00
 -0.163306984084518E+00
 -0.163759850099100E+00
 -0.164366434547679E+00
 -0.164505821447515E+00
 -0.165012428016025E+00
 -0.165216341906331E+00
 -0.165921032078933E+00
 -0.165878967166565E+00
 -0.166623812693660E+00
 -0.166906565010105E+00
 -0.167526747606767E+00
 -0.167896985676072E+00
 -0.168135471305442E+00
 -0.168706786658883E+00
 -0.168917527190278E+00
 -0.169359961033153E+00
 -0.170071296083505E+00
 -0.170248256226962E+00
 -0.170746726301097E+00
 -0.171384893351841E+00
 -0.171635338089472E+00
 -0.171995192225601E+00
 -0.172498361524834E+00
 -0.172662761290819E+00
 -0.173586406481389E+00
 -0.173534599029601E+00
 -0.174304270063945E+00
 -0.174466882650395E+00
 -0.174900551016811E+00
 -0.175647021703774E+00
 -0.176098916663271E+00
 -0.176454215620564E+00
 -0.177192204879154E+00
 -0.177350904616178E+00
 -0.177799674967889E+00
 -0.178219007624695E+00
 -0.178790794043256E+00
 -0.179419785389054E+00
 -0.179560372383852E+00
 -0.179984277987644E+00
 -0.180407534991908E+00
 -0.180929507456775E+00
 -0.181161753996538E+00
 -0.181857920187163E+00
 -0.182115430379711E+00
 -0.182671914239771E+00
 -0.183265971684429E+00
 -0.183577682218809E+00
 -0.184135140010624E+00
 -0.184522322508913E+00
 -0.184813051883451E+00
 -0.185251450431259E+00
 -0.186061619240715E+00
 -0.186094185991811E+00
 -0.186892243238706E+00
 -0.187125849950059E+00
 -0.187727108639600E+00
 -0.188081998175471E+00
 -0.188689038153643E+00
 -0.189238348515126E+00
 -0.189540328533361E+00
 -0.189894472245029E+00
 -0.190352262606165E+00
 -0.191141978686134E+00
 -0.191584897557039E+00
 -0.192120671024777E+00
 -0.192494811773474E+00
 -0.192968795115620E+00
 -0.193545465212878E+00
 -0.194051151587856E+00
 -0.194487531826819E+00
 -0.194875330376084E+00
 -0.195345904032310E+00
 -0.195850448884047E+00
 -0.196338702902269E+00
 -0.196915885958983E+00
 -0.197381982869557E+00
 -0.197887286617510E+00
 -0.198340820236618E+00
 -0.198949156318125E+00
 -0.199323959972531E+00
 -0.199992669387830E+00
 -0.200175513270246E+00
 -0.200853198720086E+00
 -0.201519660067573E+00
 -0.201836786113692E+00
 -0.202367463639487E+00
 -0.202967002851520E+00
 -0.203361291168266E+00
 -0.203785306039259E+00
 -0.204482038571716E+00
 -0.204866042749230E+00
 -0.205507646278751E+00
 -0.205874261733525E+00
 -0.206463277797371E+00
 -0.207021437301012E+00
 -0.207238455701242E+00
 -0.208187137522372E+00
 -0.208645105000835E+00
 -0.209265085051526E+00
 -0.209824300608232E+00
 -0.210346505671143E+00
 -0.211015510737808E+00
 -0.211353245067619E+00
 -0.211937379308659E+00
 -0.212430887670089E+00
 -0.212921701178313E+00
 -0.213481681157853E+00
 -0.214029659478683E+00
 -0.214770045930267E+00
 -0.215217684965577E+00
 -0.216016998065736E+00
 -0.216378753270279E+00
 -0.217011302708223E+00
 -0.217306204230614E+00
 -0.217959084137412E+00
 -0.218617481712414E+00
 -0.219020845243159E+00
 -0.219484011590134E+00
 -0.220065618671393E+00
 -0.220736491137051E+00
 -0.221344803790623E+00
 -0.221781954056933E+00
 -0.222333834646885E+00
 -0.222988912447494E+00
 -0.223612043546198E+00
 -0.224066640094730E+00
 -0.224878821175657E+00
 -0.225270559645574E+00
 -0.225832180810431E+00
 -0.226414795021447E+00
 -0.227015967853175E+00
 -0.227506795220259E+00
 -0.228079398654091E+00
 -0.228832416408245E+00
 -0.229325349109491E+00
 -0.229942880184360E+00
 -0.230459897377846E+00
 -0.231296853919848E+00
 -0.231558330153694E+00
 -0.232171868397355E+00
 -0.232760144816022E+00
 -0.233610839525518E+00
 -0.234112378664043E+00
 -0.234590750522313E+00
 -0.235320918518620E+00
 -0.235714860780419E+00
 -0.236461933773794E+00
 -0.236823988024497E+00
 -0.237489042673612E+00
 -0.238267513505158E+00
 -0.238746127510366E+00
 -0.239544057501137E+00
 -0.240061159104265E+00
 -0.240722398014379E+00
 -0.241135193417731E+00
 -0.242097498921483E+00
 -0.242428484239796E+00
 -0.243038313241552E+00
 -0.243814691387037E+00
 -0.244434428114688E+00
 -0.245110966036403E+00
 -0.245760801636411E+00
 -0.246431781912143E+00
 -0.246926099585644E+00
 -0.247677971972326E+00
 -0.248225476777943E+00
 -0.249091579495872E+00
 -0.249623783238714E+00
 -0.249869731476697E+00
 -0.250853855007137E+00
 -0.251398292100039E+00
 -0.252295157635996E+00
 -0.252798263485613E+00
 -0.253711202745089E+00
 -0.254435412086689E+00
 -0.254567229842718E+00
 -0.255663881322306E+00
 -0.256140921108542E+00
 -0.256943897280695E+00
 -0.257453295600246E+00
 -0.258133908770775E+00
 -0.258578213217716E+00
 -0.259422458904417E+00
 -0.260277947216582E+00
 -0.260675845058799E+00
 -0.261459293767572E+00
 -0.261996731748341E+00
 -0.262691262265922E+00
 -0.263389456041405E+00
 -0.263902598619938E+00
 -0.264606677734020E+00
 -0.265165146322118E+00
 -0.266088600241868E+00
 -0.266900266215130E+00
 -0.267679767012419E+00
 -0.268345847433761E+00
 -0.268860725087092E+00
 -0.269699215455464E+00
 -0.270319528955900E+00
 -0.270977381560900E+00
 -0.271689684531605E+00
 -0.272408776892449E+00
 -0.273221833401782E+00
 -0.273877014901180E+00
 -0.274636586597821E+00
 -0.275185867837677E+00
 -0.276042606185198E+00
 -0.276871343697150E+00
 -0.277609228253959E+00
 -0.278038802713065E+00
 -0.279070046128692E+00
 -0.279407375077402E+00
 -0.280170024388838E+00
 -0.281203297667837E+00
 -0.281829477535766E+00
 -0.282743751979384E+00
 -0.283207525627082E+00
 -0.284040334671547E+00
 -0.284854329825791E+00
 -0.285337017840170E+00
 -0.286104283912118E+00
 -0.286862812973870E+00
 -0.287749468714432E+00
 -0.288325618174150E+00
 -0.289284462374360E+00
 -0.290038939975725E+00
 -0.290692644515705E+00
 -0.291590557552910E+00
 -0.292452673099573E+00
 -0.293110728512841E+00
 -0.293854883358057E+00
 -0.294618616923402E+00
 -0.295331232577009E+00
 -0.296390402091767E+00
 -0.296875871175102E+00
 -0.297813447010164E+00
 -0.298560876804681E+00
 -0.299372236364240E+00
 -0.300030880982778E+00
 -0.300897537978798E+00
 -0.301829370952800E+00
 -0.302443799724475E+00
 -0.303288021018536E+00
 -0.304306130604343E+00
 -0.305056251527580E+00
 -0.305630305326221E+00
 -0.306539970589423E+00
 -0.307339463721946E+00
 -0.308053104397455E+00
 -0.309073439490629E+00
 -0.309961604577360E+00
 -0.310657732057923E+00
 -0.311483462982400E+00
 -0.312293426025930E+00
 -0.313081879837206E+00
 -0.313999334335462E+00
 -0.314850185253681E+00
 -0.315598534984158E+00
 -0.316512903333270E+00
 -0.317200759287219E+00
 -0.318511357005404E+00
 -0.318972422898728E+00
 -0.319830365910947E+00
 -0.320676303027144E+00
 -0.321441277648076E+00
 -0.322231627952683E+00
 -0.323159327325650E+00
 -0.324131165290526E+00
 -0.325044408674912E+00
 -0.325904455752232E+00
 -0.326664145845892E+00
 -0.327442186470577E+00
 -0.328289693384458E+00
 -0.329302296363774E+00
 -0.330000451745403E+00
 -0.330925831543499E+00
 -0.331729036749224E+00
 -0.332772911640571E+00
 -0.333667234403942E+00
 -0.334444674028609E+00
 -0.335327947197127E+00
 -0.336350529112758E+00
 -0.337138183281515E+00
 -0.338127497638471E+00
 -0.338899198994262E+00
 -0.340047390898730E+00
 -0.340624909648883E+00
 -0.341952513459185E+00
 -0.342582428854497E+00
 -0.343500455359473E+00
 -0.344553278370049E+00
 -0.345430815483645E+00
 -0.346394075698519E+00
 -0.347225457326724E+00
 -0.348114743411922E+00
 -0.349155387385825E+00
 -0.350174551414980E+00
 -0.351081474053395E+00
 -0.352054853577846E+00
 -0.353024292501635E+00
 -0.353984963418097E+00
 -0.355004312342647E+00
 -0.355934436804705E+00
 -0.356720214641928E+00
 -0.357587088832979E+00
 -0.358761039330962E+00
 -0.359691585067541E+00
 -0.360547205910765E+00
 -0.361584900024519E+00
 -0.362647191793875E+00
 -0.363352648072442E+00
 -0.364459684845825E+00
 -0.365621220908213E+00
 -0.366469514428336E+00
 -0.367392647103194E+00
 -0.368475589498962E+00
 -0.369418637349749E+00
 -0.370673511749917E+00
 -0.371279102705815E+00
 -0.372597294175472E+00
 -0.373464854089003E+00
 -0.374274019847055E+00
 -0.375622576131570E+00
 -0.376441587844493E+00
 -0.377715439568551E+00
 -0.378680042891322E+00
 -0.379735325256319E+00
 -0.380587647248114E+00
 -0.381587904617807E+00
 -0.382734961172996E+00
 -0.383595273585858E+00
 -0.385055114849477E+00
 -0.385920246859015E+00
 -0.387008837399231E+00
 -0.387994068358241E+00
 -0.389167342222803E+00
 -0.390188924165988E+00
 -0.391097495366573E+00
 -0.392253191412795E+00
 -0.393155271900301E+00
 -0.394195544201443E+00
 -0.395668368237094E+00
 -0.396598781657351E+00
 -0.397672518403451E+00
 -0.398741370480964E+00
 -0.399952713854166E+00
 -0.400977195929556E+00
 -0.402179224139065E+00
 -0.403110354289451E+00
 -0.404394029718990E+00
 -0.405418919947495E+00
 -0.406450167428221E+00
 -0.407752571888909E+00
 -0.408666706335355E+00
 -0.409734130613810E+00
 -0.411007792145512E+00
 -0.411972153066557E+00
 -0.413102906698857E+00
 -0.414221443749262E+00
 -0.415332745366346E+00
 -0.416354680978409E+00
 -0.417829391560559E+00
 -0.418661774706998E+00
 -0.420138042211152E+00
 -0.421082156923587E+00
 -0.422665816813226E+00
 -0.423727768361876E+00
 -0.424920708751837E+00
 -0.425993639441485E+00
 -0.427380160802825E+00
 -0.428538249065485E+00
 -0.429642791299538E+00
 -0.430833556383635E+00
 -0.431851018215243E+00
 -0.433320522356050E+00
 -0.434400490790006E+00
 -0.435698023357456E+00
 -0.436641509574604E+00
 -0.438067448152970E+00
 -0.439292837098787E+00
 -0.440518695144733E+00
 -0.441702202956757E+00
 -0.442808389257022E+00
 -0.444172595301305E+00
 -0.445359550746467E+00
 -0.446730546846937E+00
 -0.447781857773829E+00
 -0.449187870831391E+00
 -0.450358549802039E+00
 -0.451549990651008E+00
 -0.452875955130770E+00
 -0.454043050022835E+00
 -0.455615902851506E+00
 -0.456678186492601E+00
 -0.457929970602003E+00
 -0.459194566940845E+00
 -0.460603415753296E+00
 -0.461828984514554E+00
 -0.463156721002912E+00
 -0.464448194799745E+00
 -0.466009799360188E+00
 -0.467032174565011E+00
 -0.468323578632928E+00
 -0.469794725942352E+00
 -0.470901902119303E+00
 -0.472097008176754E+00
 -0.473749754583543E+00
 -0.475015877288216E+00
 -0.476412483516050E+00
 -0.477554895513148E+00
 -0.478882497599288E+00
 -0.480213368656300E+00
 -0.481537940733783E+00
 -0.482971693440283E+00
 -0.484511054212119E+00
 -0.485654276237287E+00
 -0.487161759936018E+00
 -0.488578068754349E+00
 -0.489914109214314E+00
 -0.491604262267364E+00
 -0.492527947407181E+00
 -0.494320829317502E+00
 -0.495626269524312E+00
 -0.496781507123154E+00
 -0.498261548772500E+00
 -0.499658009845164E+00
 -0.500982904103704E+00
 -0.502514155210941E+00
 -0.504239364135423E+00
 -0.505421422434632E+00
 -0.507085276196779E+00
 -0.508366698674717E+00
 -0.509804640592067E+00
 -0.511221490931630E+00
 -0.512932675768899E+00
 -0.514202555963472E+00
 -0.515747977116201E+00
 -0.517080517586181E+00
 -0.518702236837293E+00
 -0.520135768483739E+00
 -0.521630033717754E+00
 -0.522877832826872E+00
 -0.524811069131566E+00
 -0.525897692378054E+00
 -0.527613318581079E+00
 -0.528970992460460E+00
 -0.530434957962014E+00
 -0.532263548809081E+00
 -0.533539824456072E+00
 -0.535344325145910E+00
 -0.536581802496042E+00
 -0.538340277470323E+00
 -0.539788722516462E+00
 -0.541602576756113E+00
 -0.542655726097643E+00
 -0.544619226716375E+00
 -0.546128583028565E+00
 -0.547770634041928E+00
 -0.549386632659710E+00
 -0.550720842614274E+00
 -0.552478095845862E+00
 -0.554067855352254E+00
 -0.555657009839786E+00
 -0.557074393965115E+00
 -0.559094122681173E+00
 -0.560543718968560E+00
 -0.561801922742506E+00
 -0.563712699935508E+00
 -0.565023062844108E+00
 -0.566802930192181E+00
 -0.568784779004141E+00
 -0.570220581007393E+00
 -0.571957185358986E+00
 -0.573716623708835E+00
 -0.575290629698939E+00
 -0.577146511038358E+00
 -0.578702570378256E+00
 -0.580236449210092E+00
 -0.581820782536469E+00
 -0.583681738443517E+00
 -0.585539900517219E+00
 -0.587195037111287E+00
 -0.588857151129255E+00
 -0.590694319291076E+00
 -0.592331953754361E+00
 -0.594156749616075E+00
 -0.595600767718937E+00
 -0.597391959234310E+00
 -0.599205842544845E+00
 -0.601040902792095E+00
 -0.602685733400873E+00
 -0.604627657219799E+00
 -0.606228091564595E+00
 -0.608242723750821E+00
 -0.609962276711065E+00
 -0.611975529450066E+00
 -0.613507668888995E+00
 -0.615466507908181E+00
 -0.617309873865380E+00
 -0.618825695876784E+00
 -0.621032746198683E+00
 -0.622488435367103E+00
 -0.624496091334597E+00
 -0.626254656537576E+00
 -0.628134637920553E+00
 -0.630105660738642E+00
 -0.632087532765739E+00
 -0.633710455267651E+00
 -0.635689808876661E+00
 -0.637577492659619E+00
 -0.639485657750686E+00
 -0.641570956787613E+00
 -0.643171522521962E+00
 -0.645138644983559E+00
 -0.647095441336610E+00
 -0.649046743815036E+00
 -0.650935128316444E+00
 -0.653012648911420E+00
 -0.654589674468712E+00
 -0.656717994140811E+00
 -0.658484845526141E+00
 -0.660558817907309E+00
 -0.662441238664042E+00
 -0.664683431509185E+00
 -0.666573575231241E+00
 -0.668592615544382E+00
 -0.670513190365257E+00
 -0.672501433825227E+00
 -0.674482360466545E+00
 -0.676735211494804E+00
 -0.678523998463838E+00
 -0.680813612555580E+00
 -0.682690227122894E+00
 -0.684605366325242E+00
 -0.686770953129854E+00
 -0.688772155758342E+00
 -0.691076309469259E+00
 -0.692959004916443E+00
 -0.695044397436424E+00
 -0.697485231626580E+00
 -0.699496131343920E+00
 -0.701398925714101E+00
 -0.703486375149443E+00
 -0.705599896274397E+00
 -0.707740423947478E+00
 -0.709869762683093E+00
 -0.712137777862214E+00
 -0.714255915880033E+00
 -0.716339395494189E+00
 -0.718530147451036E+00
 -0.720876052606448E+00
 -0.722957344053197E+00
 -0.725062388608369E+00
 -0.727381689176047E+00
 -0.729309855509753E+00
 -0.731606543093018E+00
 -0.734000145391054E+00
 -0.736138417393777E+00
 -0.738248153537446E+00
 -0.740730773984882E+00
 -0.742992551153991E+00
 -0.745235165848377E+00
 -0.747564599822163E+00
 -0.749919642386128E+00
 -0.752217180924271E+00
 -0.754403380316667E+00
 -0.756820546243394E+00
 -0.758963640471694E+00
 -0.761370587063423E+00
 -0.763570872966648E+00
 -0.766050275359047E+00
 -0.768314946346443E+00
 -0.770695200986580E+00
 -0.773095091103902E+00
 -0.775591338640763E+00
 -0.777868546239500E+00
 -0.780168226199074E+00
 -0.782420148639057E+00
 -0.785121407053357E+00
 -0.787645224661365E+00
 -0.789954759932007E+00
 -0.792428693069978E+00
 -0.794639515135342E+00
 -0.797199583166298E+00
 -0.799692604229528E+00
 -0.802174394441822E+00
 -0.804644409539607E+00
 -0.807119155479746E+00
 -0.809578414554933E+00
 -0.812158981193819E+00
 -0.814575081566602E+00
 -0.817137328549178E+00
 -0.819749596529546E+00
 -0.822096299486474E+00
 -0.824646737233115E+00
 -0.827310482621825E+00
 -0.829929129999413E+00
 -0.832476951312057E+00
 -0.835072302515866E+00
 -0.837622684159145E+00
 -0.840264869664861E+00
 -0.842820339833725E+00
 -0.845522651559417E+00
 -0.848255878932207E+00
 -0.850835180010238E+00
 -0.853375917228184E+00
 -0.856460411340674E+00
 -0.858856407125760E+00
 -0.861631876706467E+00
 -0.864386934795646E+00
 -0.866811660123451E+00
 -0.869856480190002E+00
 -0.872227355003907E+00
 -0.875430709380960E+00
 -0.877828213604227E+00
 -0.880612675508281E+00
 -0.883472438899666E+00
 -0.886085038937112E+00
 -0.889047077574235E+00
 -0.891702224804555E+00
 -0.894579940544801E+00
 -0.897378622899814E+00
 -0.900118925909723E+00
 -0.903251929342100E+00
 -0.905723864957882E+00
 -0.908732999261483E+00
 -0.911502528333350E+00
 -0.914498008620916E+00
 -0.917361679056721E+00
 -0.920243285404742E+00
 -0.923235390796251E+00
 -0.926264922960643E+00
 -0.929163511362794E+00
 -0.932071861594550E+00
 -0.935138172239792E+00
 -0.937958319406778E+00
 -0.940968488186075E+00
 -0.944037816338713E+00
 -0.947004621289833E+00
 -0.950081069906877E+00
 -0.953077038949940E+00
 -0.956182197193555E+00
 -0.959289143932323E+00
 -0.962173874835071E+00
 -0.965400503326182E+00
 -0.968590877852370E+00
 -0.971743763651879E+00
 -0.974726450479689E+00
 -0.977878771512021E+00
 -0.980841337250847E+00
 -0.984154446073380E+00
 -0.987290044906239E+00
 -0.990716833409723E+00
 -0.993866040178198E+00
 -0.996865473439804E+00
 -0.100031388738579E+01
 -0.100350306955834E+01
 -0.100663623123985E+01
 -0.100982811753143E+01
 -0.101316692747924E+01
 -0.101621934647707E+01
 -0.101976470963810E+01
 -0.102344993832234E+01
 -0.102642068537737E+01
 -0.102996163288500E+01
 -0.103342794848273E+01
 -0.103684922866740E+01
 -0.104027047717091E+01
 -0.104359622025487E+01
 -0.104706623506396E+01
 -0.105054668532115E+01
 -0.105418019916451E+01
 -0.105787847645412E+01
 -0.106132165985668E+01
 -0.106461643406686E+01
 -0.106852219745788E+01
 -0.107183223809229E+01
 -0.107567036719967E+01
 -0.107922911651738E+01
 -0.108291413787857E+01
 -0.108656571370512E+01
 -0.109024285790770E+01
 -0.109409288940844E+01
 -0.109751724597322E+01
 -0.110157304035072E+01
 -0.110543880029271E+01
 -0.110932088230374E+01
 -0.111316264472355E+01
 -0.111704624625278E+01
 -0.112099547329249E+01
 -0.112501874655098E+01
 -0.112865236026418E+01
 -0.113267295979411E+01
 -0.113688738104426E+01
 -0.114088957996962E+01
 -0.114506076183198E+01
 -0.114914799136301E+01
 -0.115322568196682E+01
 -0.115738718892636E+01
 -0.116181439388221E+01
 -0.116585864125519E+01
 -0.116997718968306E+01
 -0.117434133520986E+01
 -0.117879503750179E+01
 -0.118335991412600E+01
 -0.118783668981418E+01
 -0.119229631897842E+01
 -0.119679422268934E+01
 -0.120172790542300E+01
 -0.120612132351166E+01
 -0.121077213651797E+01
 -0.121523053952303E+01
 -0.122040269244007E+01
 -0.122501763953324E+01
 -0.123000292925215E+01
 -0.123541745511067E+01
 -0.124009296565620E+01
 -0.124520187647853E+01
 -0.125062406490558E+01
 -0.125553868809817E+01
 -0.126093180424613E+01
 -0.126645283037827E+01
 -0.127183266154807E+01
 -0.127738308179561E+01
 -0.128297523884033E+01
 -0.128889003591848E+01
 -0.129495149594734E+01
 -0.130076226509237E+01
 -0.130700631540931E+01
 -0.131318224797979E+01
 -0.131908421624129E+01
 -0.132571807243690E+01
 -0.133197886350221E+01
 -0.133887483062360E+01
 -0.134526016958711E+01
 -0.135270647492962E+01
 -0.135960946805942E+01
 -0.136680724558242E+01
 -0.137439004428452E+01
 -0.138183766951137E+01
 -0.138970600382915E+01
 -0.139754939444909E+01
 -0.140562980122244E+01
 -0.141410727544766E+01
 -0.142269690041907E+01
 -0.143145456552527E+01
 -0.144044567183925E+01
 -0.144979416515943E+01
 -0.145959725142101E+01
 -0.146960905549342E+01
 -0.147968257706334E+01
 -0.149049142289580E+01
 -0.150106548870453E+01
 -0.151247345627190E+01
 -0.152439686183871E+01
 -0.153617568883025E+01
 -0.154911371490924E+01
 -0.156174589237630E+01
 -0.157563967936179E+01
 -0.158950716502780E+01
 -0.160424651329951E+01
 -0.161979819414366E+01
 -0.163555585129354E+01
 -0.165219426129355E+01
 -0.166943662606079E+01
 -0.168769329141908E+01
 -0.170680390058907E+01
 -0.172646877479618E+01
 -0.174790067570394E+01
 -0.176949209609476E+01
 -0.179285924279279E+01
 -0.181756249792878E+01
 -0.184331262096738E+01
 -0.187065496600721E+01
 -0.189964100337275E+01
 -0.193031086221260E+01
 -0.196308927696479E+01
 -0.199763949789044E+01
 -0.203479489757495E+01
 -0.207464619297064E+01
 -0.211695419168910E+01
 -0.216275157033808E+01
 -0.221169100912416E+01
 -0.226474902084329E+01
 -0.232245313344620E+01
 -0.238471211468477E+01
 -0.245280256874101E+01
 -0.252735054865130E+01
 -0.260952318563747E+01
 -0.270023580135491E+01
 -0.280196256364674E+01
 -0.291617669682558E+01
 -0.304591558365302E+01
 -0.319566170212745E+01
 -0.337238243829887E+01
 -0.358649994896836E+01
 -0.386454013874297E+01
 -0.431792717983173E+01
 -0.542283304812157E+01
 -0.547998615964828E+01
 -0.666522152989488E+01
 -0.742262250040517E+01
 -0.746020586648748E+01
 -0.854353744593339E+01
 -0.107716030113301E+02
 -0.899489055737054E+01
 -0.114109398755770E+02
 -0.100568389619871E+02
 -0.121747813004415E+02
 -0.119223329817078E+02
 -0.137092310926354E+02
 -0.148835470553995E+02
 -0.159530603090569E+02
 -0.158208262440495E+02
 -0.159972749802262E+02
 -0.101653205966254E+02
 -0.743702288993919E+01
 -0.699376482233917E+01
 -0.969597598539790E+01
 -0.692061976795663E+01
 -0.131139263324774E+02
 -0.698389502028393E+01
 -0.116853198849906E+02
 -0.992629937671929E+01
 -0.129278726663352E+02
 -0.106020203492972E+02
 -0.133592961867901E+02
 -0.123367857710600E+02
 -0.136591549010476E+02
 -0.130271994722528E+02
 -0.113921044389882E+02
 -0.106906423108226E+02
 -0.948669436785362E+01
 -0.115728820823427E+02
 -0.868639568825042E+01
 -0.221952080201175E+01
 -0.321212626761440E+01
  0.149552382206862E+01
 -0.325840369719149E+01
 -0.176490059047082E+00
 -0.311237238139498E+01
  0.170892078976400E+00
 -0.644490584706475E+01
  0.598172295211509E+01
 -0.195711639802099E+01
 -0.114089454965374E+01
 -0.372226297549751E+01
  0.304015247590368E+01
 -0.693447669342844E+01
  0.265561361517048E+00
  0.411142900648566E+00
  0.275677080661040E+01
 -0.976741302440253E+01
  0.368072087652496E+01
  0.170816012561518E+02
  0.623081804889029E+01
  0.430500971908736E+02
  0.201732649475598E+02
  0.116145880066774E+02
  0.212227648544837E+02
  0.304541476173404E+02
  0.169607575787397E+02
  0.118690273507323E+02
  0.176779377338613E+02
  0.158208899614958E+02
  0.284445068682904E+02
  0.222897828743343E+02
  0.288012432732488E+02
  0.211872738900083E+02
  0.257005488152081E+02
  0.208811258198727E+02
  0.287953659310014E+02
  0.279278217327098E+02
  0.411895493368121E+02
  0.305320676687136E+02
  0.353826043602285E+02
  0.495245890480073E+02
  0.445236636059635E+02
  0.400642705096970E+02
  0.327012380824645E+02
  0.534078708826372E+02
  0.310910776694695E+02
  0.455078748634168E+02
  0.515887130083444E+02
  0.473162474987097E+02
  0.456276043780894E+02
  0.591284576277687E+02
  0.400771834596095E+02
  0.563058953134573E+02
  0.640681322189608E+02
  0.543942430258274E+02
  0.702493404165151E+02
  0.673078892104187E+02
  0.790668885801353E+02
  0.648426145562259E+02
  0.757567053952325E+02
  0.469412815068307E+02
  0.543028187734845E+02
  0.593979426136241E+02
  0.681543852922040E+02
  0.789607586347657E+02
  0.681606746903638E+02
  0.837976310206628E+02
  0.596683346974875E+02
  0.565456776117524E+02
  0.894616353906932E+02
  0.728141645439710E+02
  0.870409711360982E+02
  0.109509142711135E+03
  0.897640238484275E+02
  0.725895960754351E+02
  0.108823564599725E+03
  0.788339886040966E+02
  0.945676485747123E+02
  0.627760164918645E+02
  0.890091199458943E+02
  0.556511334289368E+02
  0.697914519852182E+02
  0.591940339170294E+02
  0.617374661953210E+02
  0.902793589464598E+02
  0.426987251332340E+02
  0.751971344291422E+02
  0.746508800506752E+02
  0.549816791909460E+02
  0.425572343646613E+02
  0.861009402293174E+02
  0.553234891105173E+02
  0.107561669388227E+03
  0.753309148849070E+02
  0.728251895406721E+02
  0.698754000595703E+02
  0.606941719396021E+02
  0.134008836980858E+03
  0.247984913325873E+02
  0.768073230900224E+02
  0.254677860491023E+02
  0.248459200677909E+02
  0.625634514426889E+02
 -0.104185485931923E+02
  0.417852719032216E+02
  0.315115418963738E+02
  0.398135980806238E+02
  0.302451456694718E+02
  0.265274648549977E+01
 -0.224549494716198E+01
  0.219725891476649E+02
 -0.948934945238124E+01
  0.113048675270219E+00
 -0.231572128093832E+01
 -0.108254840716097E+01
  0.388969778993956E+02
  0.762398248209847E+01
  0.393748397849591E+02
 -0.978494988277332E+01
  0.157002525008516E+02
  0.527265526802841E+01
  0.245578116223065E+01
 -0.161691245643489E+02
 -0.222021397768726E+01
 -0.199525692125956E+02
  0.297769703534131E+02
 -0.185885880014210E+02
  0.101330819721598E+02
 -0.180466316037359E+02
 -0.195368184188502E+02
  0.224510348623180E+02
 -0.410487601577867E+02
 -0.352067639174550E+02
 -0.524111959583833E+02
 -0.673618453885152E+02
 -0.302488056672018E+02
 -0.444592051726074E+02
 -0.169390807154317E+02
 -0.603436052937458E+01
 -0.296929550925209E+02
 -0.438259859183666E+02
 -0.526730187210122E+02
 -0.407327065594717E+02
 -0.485929633673746E+02
 -0.728378658865980E+02
 -0.395022129434464E+02
 -0.672681332950218E+02
 -0.892120557860072E+02
 -0.410530739771072E+02
 -0.835293543106111E+02
 -0.595909485271358E+02
 -0.100867947072473E+03
 -0.100929009838373E+03
 -0.120511355747857E+03
 -0.119321583263010E+03
 -0.122280635438769E+03
 -0.106885768338426E+03
 -0.975678625820362E+02
 -0.108317083724537E+03
 -0.769774767038818E+02
 -0.123875119097921E+03
 -0.127844519718770E+03
 -0.125940799484783E+03
 -0.116888841822090E+03
 -0.133193677660944E+03
 -0.123244658014444E+03
 -0.152269070281670E+03
 -0.162266787292042E+03
 -0.140040956010394E+03
 -0.174196416481096E+03
 -0.175185726574786E+03
 -0.172471678408582E+03
 -0.191905119431017E+03
 -0.178047753514055E+03
 -0.221749985588790E+03
 -0.207715164357884E+03
 -0.237101505058207E+03
 -0.173562739634095E+03
 -0.183580904138516E+03
 -0.181984708470076E+03
 -0.198766131714401E+03
 -0.195371750765711E+03
 -0.226590313582332E+03
 -0.209190889982053E+03
 -0.215809059760642E+03
 -0.241919959198145E+03
 -0.245934603116341E+03
 -0.262764100568173E+03
 -0.278363430500009E+03
 -0.254601771720059E+03
 -0.287365066342955E+03
 -0.277292049293936E+03
 -0.277054763465439E+03
 -0.300519101447593E+03
 -0.287685323751168E+03
 -0.285382422910450E+03
 -0.289305103141702E+03
 -0.290343256617337E+03
 -0.306571334221591E+03
 -0.293110513775074E+03
 -0.284265662409339E+03
 -0.281521162381669E+03
 -0.304315655493667E+03
 -0.310212263996391E+03
 -0.289339623384564E+03
 -0.308739882951333E+03
 -0.322607577809301E+03
 -0.345876039441646E+03
 -0.346779336193895E+03
 -0.343693522107378E+03
 -0.355329444803117E+03
 -0.340692022374603E+03
 -0.349438025304675E+03
 -0.354413527050438E+03
 -0.334968286239064E+03
 -0.340582441945541E+03
 -0.339991150911711E+03
 -0.351010698629800E+03
 -0.361545949893318E+03
 -0.360840974512588E+03
 -0.367294636144812E+03
 -0.371824231675566E+03
 -0.367225790683742E+03
 -0.389537936048533E+03
 -0.369653862375377E+03
 -0.387590839921121E+03
 -0.379717333788907E+03
 -0.383754070572504E+03
 -0.365820079269342E+03
 -0.353974825348342E+03
 -0.374700141586517E+03
 -0.375154501984039E+03
 -0.371403394120577E+03
 -0.364274168108129E+03
 -0.364476374716320E+03
 -0.366056378594743E+03
 -0.360214975263250E+03
 -0.379965686008515E+03
 -0.369980058316816E+03
 -0.379402629762496E+03
 -0.350613709555320E+03
 -0.379693237025656E+03
 -0.357000889443571E+03
 -0.366364480544750E+03
 -0.350691313316663E+03
 -0.336290934058120E+03
 -0.336992035598500E+03
 -0.339552014833236E+03
 -0.321605156605548E+03
 -0.317607289276974E+03
 -0.308997243158264E+03
 -0.315852237096241E+03
 -0.292743651565941E+03
 -0.302977135801968E+03
 -0.280017198556940E+03
 -0.293136040008951E+03
 -0.284100604999049E+03
 -0.275402247432410E+03
 -0.291660954713238E+03
 -0.264843190752768E+03
 -0.285079477761495E+03
 -0.252351013525667E+03
 -0.261260277665504E+03
 -0.253469809837867E+03
 -0.240146226236158E+03
 -0.244451295817810E+03
 -0.221264416180957E+03
 -0.232392065832800E+03
 -0.203975000952579E+03
 -0.221903937570934E+03
 -0.202950187786960E+03
 -0.200470572215726E+03
 -0.195693569225741E+03
 -0.202796277803638E+03
 -0.173399596456511E+03
 -0.185675329684797E+03
 -0.177983680036748E+03
 -0.171935223589924E+03
 -0.157177488678545E+03
 -0.154179700544065E+03
 -0.155720556130466E+03
 -0.133144136700198E+03
 -0.125947949590936E+03
 -0.115920011576612E+03
 -0.968433855680637E+02
 -0.108200510840107E+03
 -0.102048651996665E+03
 -0.101928404556684E+03
 -0.801427626171602E+02
 -0.965907294225699E+02
 -0.931623065295740E+02
 -0.765562241044999E+02
 -0.819070840530075E+02
 -0.797289739029255E+02
 -0.757377656234025E+02
 -0.634651544749926E+02
 -0.559875709106129E+02
 -0.709925117659915E+02
 -0.429337825011890E+02
 -0.431038126544693E+02
 -0.188219820007754E+02
 -0.227097079867794E+02
  0.220173142295774E+02
  0.869386807798935E+01
  0.318384871717206E+02
  0.218167059468030E+02
  0.810331858691214E+02
  0.314758257384460E+02
  0.621750109374616E+02
  0.738251381480393E+02
  0.533522303842916E+02
  0.658861004213799E+02
  0.703695956061710E+02
  0.731387675793957E+02
  0.932553740357359E+02
  0.880467837466177E+02
  0.109427228970794E+03
  0.125294195195066E+03
  0.140144693475724E+03
  0.108878009725327E+03
  0.176132489125308E+03
  0.141132981624727E+03
  0.155441894906546E+03
  0.155633354384984E+03
  0.150112776974249E+03
  0.159019023456346E+03
  0.184212500915632E+03
  0.234848765973583E+03
  0.174033625279552E+03
  0.228472352115749E+03
  0.197872251735346E+03
  0.233536652067360E+03
  0.218194321056692E+03
  0.213054092912728E+03
  0.226223467466489E+03
  0.248413603661830E+03
  0.250553628377400E+03
  0.254324122488093E+03
  0.291752991995900E+03
  0.280997355700285E+03
  0.299459390789324E+03
  0.318721668063713E+03
  0.327317043330290E+03
  0.314486112301599E+03
  0.337578485187421E+03
  0.342434961850980E+03
  0.329131892136099E+03
  0.360151862679148E+03
  0.347489055933458E+03
  0.405822093401832E+03
  0.410717947194610E+03
  0.388421042287149E+03
  0.412084544164168E+03
  0.432727780899853E+03
  0.404423165981787E+03
  0.447941238677496E+03
  0.404474238952694E+03
  0.449225173837772E+03
  0.481536854520983E+03
  0.461098847951154E+03
  0.520736419554079E+03
  0.490421943401759E+03
  0.468572372548376E+03
  0.496935483260541E+03
  0.486133766685796E+03
  0.542022582994805E+03
  0.543610817281625E+03
  0.534515948701523E+03
  0.564525193201832E+03
  0.557505527604115E+03
  0.606875302082717E+03
  0.612088560827704E+03
  0.649882464734245E+03
  0.655778296888790E+03
  0.598329000862366E+03
  0.656107098583378E+03
  0.589769525457927E+03
  0.598271640835874E+03
  0.626158914430846E+03
  0.612652772245939E+03
  0.650742973224169E+03
  0.624562553100394E+03
  0.648842232782364E+03
  0.668613618990611E+03
  0.661700094077230E+03
  0.653223078649267E+03
  0.672873208348579E+03
  0.679550219481802E+03
  0.726944008689205E+03
  0.701360932532456E+03
  0.722432077886244E+03
  0.811592791437902E+03
  0.695157519434262E+03
