0.491766758879902E+00
0.200198996827119E+01
0.462146715311682E+01
0.845712068162356E+01
0.135731626276645E+02
0.199235880122662E+02
0.272920244251981E+02
0.352551923966605E+02
0.431865903500987E+02
0.503093502914442E+02
0.557970110822338E+02
0.589087894699317E+02
0.591322850138488E+02
0.563014351778065E+02
0.506584818229123E+02
0.428382047325505E+02
0.337710799838541E+02
0.245233742973708E+02
0.161063911713740E+02
0.929952150879777E+01
0.452827365058691E+01
0.182280305094503E+01
0.865610459720086E+00
0.111031746234685E+01
0.193793886119770E+01
0.280854042379283E+01
0.337050593374583E+01
0.350405162508895E+01
0.329564988925038E+01
0.296003529989822E+01
0.273849694355587E+01
0.280682083238463E+01
0.321824578963276E+01
0.389422682567838E+01
0.465913192888025E+01
0.530244434714784E+01
0.564510298406993E+01
0.558979627028650E+01
0.514078393795607E+01
0.439204895045896E+01
0.349178533646161E+01
0.259731599855746E+01
0.183593350470540E+01
0.128141521608994E+01
0.950314057754882E+00
0.814196566445702E+00
0.819857937992831E+00
0.909175602675459E+00
0.103224967825237E+01
0.115199994785341E+01
0.124245980652426E+01
0.128502353813954E+01
0.126647926598369E+01
0.118097480175802E+01
0.103438399994892E+01
0.848208824577904E+00
0.659211065036711E+00
0.512987285870026E+00
0.452196905957221E+00
0.503044852863158E+00
0.664672651697259E+00
0.906135808055225E+00
0.117234085417057E+01
0.139839747604632E+01
0.152704197300974E+01
0.152439820856681E+01
0.138867593078882E+01
0.114909197449362E+01
0.855930269582357E+00
0.565454054191092E+00
0.324488034959563E+00
0.159868848956444E+00
0.751654531083724E-01
0.548217665800447E-01
0.731641581749368E-01
0.104433453765697E+00
0.130281698278094E+00
0.142707458242684E+00
0.142436494866351E+00
0.134569378552181E+00
0.124110697788302E+00
0.113445893198138E+00
0.102699700173712E+00
0.921352435608214E-01
0.849455101745255E-01
0.883971216672557E-01
0.112374662751914E+00
0.165489779597297E+00
0.250333817850945E+00
0.360204858502060E+00
0.478774380973116E+00
0.583620245698942E+00
0.652575946589762E+00
0.670663314748907E+00
0.635147910448378E+00
0.556771768150445E+00
0.456618244163484E+00
0.359709698302249E+00
0.287511071561436E+00
0.252146330620571E+00
0.254190193913601E+00
0.284451618699073E+00
0.328937021338168E+00
0.374695877700208E+00
0.414412170666230E+00
0.447744847508214E+00
0.479632053269334E+00
0.515955748013635E+00
0.559058221020277E+00
0.604962675238824E+00
0.643445341734126E+00
0.661205052051519E+00
0.646671447164962E+00
0.594851428945656E+00
0.509797327963386E+00
0.404265559117222E+00
0.296121274115033E+00
0.203236538319417E+00
0.138326492131073E+00
0.105814860400143E+00
0.101479877519189E+00
0.114866978583545E+00
0.133311395036142E+00
0.146101122638949E+00
0.147255086062292E+00
0.136290135725415E+00
0.116928176190830E+00
0.947834007532505E-01
0.750358737827770E-01
0.609649407060905E-01
0.538420174011169E-01
0.537140962346297E-01
0.604580881057489E-01
0.743934507172543E-01
0.959882581180430E-01
0.124975764887300E+00
0.159352149820471E+00
0.195088173240142E+00
0.226953944018423E+00
0.250444371897895E+00
0.264025148929272E+00
0.270786916842790E+00
0.278561228737813E+00
0.298085276981711E+00
0.339726923068237E+00
0.409446061824419E+00
0.506010178673182E+00
0.619806542484691E+00
0.734548896193560E+00
0.830949481983448E+00
0.891393933628103E+00
0.904331990944312E+00
0.866804782751524E+00
0.784757511482340E+00
0.671034811037453E+00
0.542243209246155E+00
0.415385041388992E+00
0.305342747007044E+00
0.223566828815507E+00
0.177679476680572E+00
0.171473969962655E+00
0.204623795940237E+00
0.271916058801937E+00
0.362544006456406E+00
0.460117446220306E+00
0.544517428651582E+00
0.595760663075313E+00
0.599484594905282E+00
0.552510834493163E+00
0.466416370696517E+00
0.367334020862426E+00
0.290947329594028E+00
0.273548969877988E+00
0.341133724198163E+00
0.499857990371465E+00
0.731159754723497E+00
0.993773037345961E+00
0.123235210683575E+01
0.139150408512415E+01
0.143053430622741E+01
0.133533609490877E+01
0.112333660708886E+01
0.840026000277202E+00
0.547909552653731E+00
0.310980250194727E+00
0.179144502869766E+00
0.176911787013605E+00
0.299262920683300E+00
0.515237050636947E+00
0.777696840483416E+00
0.103576773204546E+01
0.124627438262375E+01
0.138119165587173E+01
0.142963354474294E+01
0.139540289121014E+01
0.129150846890246E+01
0.113489323362844E+01
0.942705720213194E+00
0.731404423245054E+00
0.517933401443721E+00
0.320987109302326E+00
0.161278174956581E+00
0.590736064659239E-01
0.296025807265630E-01
0.776804271637742E-01
0.193761683787781E+00
0.353498387472406E+00
0.521707328583792E+00
0.660382537753131E+00
0.738241162364792E+00
0.739340632317496E+00
0.667371244168109E+00
0.544497153607103E+00
0.404329681609702E+00
0.281844634142615E+00
0.202611698264343E+00
0.175635599879051E+00
0.191550791401144E+00
0.227191525246096E+00
0.254712651708538E+00
0.252358822918790E+00
0.213149359345773E+00
0.148478140659360E+00
0.853453219239957E-01
0.579731795026322E-01
0.964789843135520E-01
0.216191802487202E+00
0.411203189137924E+00
0.653997202580457E+00
0.901592254184994E+00
0.110626249823109E+01
0.122768299542461E+01
0.124288681151582E+01
0.115138496597463E+01
0.974245126503179E+00
0.747408257481318E+00
0.512121810992340E+00
0.304771345490520E+00
0.149258492471950E+00
0.537345331615549E-01
0.119318876476741E-01
0.813072534885468E-02
0.238286992323319E-01
0.438012968818301E-01
0.598599210740686E-01
0.715799328717591E-01
0.841926849043397E-01
0.104857256781476E+00
0.138756762225781E+00
0.186388040941064E+00
0.242826216860942E+00
0.299004595042523E+00
0.344274808695339E+00
0.369489297832903E+00
0.369344137392766E+00
0.343615871299932E+00
0.296818400953742E+00
0.236847620967812E+00
0.172859073585555E+00
0.113279205419023E+00
0.643256105293505E-01
0.292924395261446E-01
0.861041566642240E-02
0.458556529721189E-03
0.168135583939038E-02
0.871422925333043E-02
0.183575575489525E-01
0.283234578013713E-01
0.374840332794848E-01
0.458309992733981E-01
0.541698124223128E-01
0.635800259205780E-01
0.747846379932167E-01
0.875614940539107E-01
0.100435975008960E+00
0.110794723571789E+00
0.115521322527087E+00
0.111939136604945E+00
0.989334851885080E-01
0.776853773671982E-01
0.518013801367837E-01
0.266540447876631E-01
0.797636828281069E-02
0.168876296235904E-03
0.482014704357818E-02
0.200197177652124E-01
0.407613892436144E-01
0.604074405232606E-01
0.727991762282098E-01
0.742851289908559E-01
0.650163315217393E-01
0.489559353801455E-01
0.325621355469962E-01
0.225340328658412E-01
0.234545588771354E-01
0.360478816346652E-01
0.568098013386220E-01
0.791179832684397E-01
0.954716578935014E-01
0.100112880917691E+00
0.910199856071970E-01
0.706377946499199E-01
0.449815394260024E-01
0.214915755423686E-01
0.639200510774561E-02
0.256203712502384E-02
0.868198617128483E-02
0.199874334963575E-01
0.303362167800852E-01
0.348054794780634E-01
0.317883934078113E-01
0.237536733008946E-01
0.163769604273873E-01
0.163001439914799E-01
0.284019981335585E-01
0.536324573865729E-01
0.882974469064025E-01
0.125140980540542E+00
0.155901860469467E+00
0.174436431688040E+00
0.179139684709221E+00
0.173797405488255E+00
0.166394995573488E+00
0.166188722180867E+00
0.180160798837087E+00
0.209951386839464E+00
0.250664516741036E+00
0.291916613265169E+00
0.320967463658565E+00
0.326895971428735E+00
0.304396396052286E+00
0.255988353535684E+00
0.191587993256726E+00
0.125846212259237E+00
0.737912738791102E-01
0.463908156993321E-01
0.473559619605401E-01
0.722407667699714E-01
0.110037932006675E+00
0.146745252556228E+00
0.169632715206701E+00
0.170923346110025E+00
0.149794656796295E+00
0.112097428674125E+00
0.682487806331865E-01
0.299068764107387E-01
0.667962235403354E-02
0.378022405515999E-02
0.211701531620322E-01
0.542163223710009E-01
0.954111421371862E-01
0.136395688277029E+00
0.169769776101817E+00
0.190175811236424E+00
0.194704737219084E+00
0.182849592206697E+00
0.156347979304359E+00
0.119107816932191E+00
0.772745362617043E-01
0.391529299227447E-01
0.147892436310520E-01
0.147426328329319E-01
0.482196780147603E-01
0.120775545039731E+00
0.232161834382235E+00
0.374972887161959E+00
0.534679018085232E+00
0.691217784402273E+00
0.822150264007715E+00
0.906470311194007E+00
0.928829576766779E+00
0.882817627703315E+00
0.772835509186931E+00
0.614302545039622E+00
0.431749404431551E+00
0.255304376606360E+00
0.116037034460679E+00
0.408083732298799E-01
0.473225460122285E-01
0.140452666348352E+00
0.310373126948628E+00
0.533121921280731E+00
0.773860721544007E+00
0.992463471850755E+00
0.115072084376532E+01
0.121971351184628E+01
0.118579031992276E+01
0.105389115606780E+01
0.846932494376016E+00
0.601518772911705E+00
0.360358040480978E+00
0.163441644414091E+00
0.399105057440676E-01
0.248394345773374E-02
0.459224428989573E-01
0.149644652226697E+00
0.283668504643321E+00
0.416117362010281E+00
0.520277056712713E+00
0.579446176631938E+00
0.588561312097125E+00
0.552756089858642E+00
0.483749150177275E+00
0.395561240799408E+00
0.301117521881558E+00
0.210386469444411E+00
0.130560618921918E+00
0.670775183673227E-01
0.250275086770743E-01
0.948948602908288E-02
0.246135588354896E-01
0.715834558710851E-01
0.146412375426979E+00
0.238696829285994E+00
0.332375102687648E+00
0.408555498890977E+00
0.450075851170040E+00
0.446312642879501E+00
0.396638356837617E+00
0.311264194044805E+00
0.209020091287914E+00
0.112253172781263E+00
0.407713377405455E-01
0.638258661878132E-02
0.991022037097022E-02
0.416727387853968E-01
0.852466849303342E-01
0.123257308583479E+00
0.143250126136290E+00
0.141693096180448E+00
0.124793097434636E+00
0.105808692645600E+00
0.999587280585760E-01
0.118516600173360E+00
0.164313804160585E+00
0.230067222602155E+00
0.300253628482266E+00
0.355841065894487E+00
0.380391248665289E+00
0.365507302492497E+00
0.313826243100510E+00
0.238594077925584E+00
0.159944608993854E+00
0.990952952630825E-01
0.722368248298258E-01
0.859861121582101E-01
0.135693131579520E+00
0.207132121885475E+00
0.280793743097351E+00
0.337518408898434E+00
0.363734711432480E+00
0.354842545694386E+00
0.315873314436284E+00
0.259463144247945E+00
0.201878228128486E+00
0.158247312885079E+00
0.138535425372134E+00
0.145120284850471E+00
0.172611323922780E+00
0.209720715077827E+00
0.242616106029733E+00
0.258819978353944E+00
0.250540045758015E+00
0.216778899383349E+00
0.163633045156696E+00
0.102911827792759E+00
0.492130760340598E-01
0.163342598367683E-01
0.137875713425318E-01
0.441949666027310E-01
0.102287386194206E+00
0.175803067867065E+00
0.248152420653745E+00
0.302324254348291E+00
0.325069447698333E+00
0.310504451849601E+00
0.261760072528264E+00
0.190659203910090E+00
0.114836766844239E+00
0.533732754052098E-01
0.217965962782484E-01
0.278921143333630E-01
0.695068805705127E-01
0.134995174538627E+00
0.206339875831776E+00
0.263999449711109E+00
0.292322985245088E+00
0.283843926222216E+00
0.241334660684920E+00
0.177025703751172E+00
0.109211356862579E+00
0.572274388753681E-01
0.362549763724996E-01
0.534009825542219E-01
0.106026106701277E+00
0.182782454052367E+00
0.266786026739071E+00
0.340022151289676E+00
0.387727769469730E+00
0.401440117651601E+00
0.380306896294320E+00
0.330319495628027E+00
0.262135223898873E+00
0.188152697382680E+00
0.119822052110041E+00
0.656397118787821E-01
0.303302743270462E-01
0.149011863632742E-01
0.173804839418618E-01
0.337638687508372E-01
0.589058355348247E-01
0.872149483289750E-01
0.113236551169091E+00
0.132186063833636E+00
0.140571380609976E+00
0.136768915619273E+00
0.121464074172418E+00
0.976570958985504E-01
0.700732284339700E-01
0.441408866020337E-01
0.245597708761072E-01
0.140869901348569E-01
0.128005965232239E-01
0.182108460330927E-01
0.261786965281010E-01
0.323942113317319E-01
0.338271298540353E-01
0.297742826831903E-01
0.219504870119715E-01
0.137201254900602E-01
0.864777026701347E-02
0.901028371680276E-02
0.147798661636447E-01
0.235419572962938E-01
0.314044706015051E-01
0.345780686411851E-01
0.310360702081014E-01
0.215985595505092E-01
0.995146212113135E-02
0.152077906976087E-02
0.152673423711343E-02
0.129096534476799E-01
0.348834740434199E-01
0.627035200515609E-01
0.888646128924198E-01
0.105384610685334E+00
0.106512185414821E+00
0.909432294438008E-01
0.627795315896749E-01
0.308774137443186E-01
0.664156197961125E-02
0.971180502254188E-03
0.211424886597321E-01
0.685817487896076E-01
0.138161328807245E+00
0.219144813510036E+00
0.297574328365200E+00
0.359329164456042E+00
0.393236128283042E+00
0.393313400071832E+00
0.359771961731231E+00
0.298910577805425E+00
0.221643541807000E+00
0.141508697660377E+00
0.722981446471376E-01
0.258537614629609E-01
0.102813906089532E-01
0.287220403388008E-01
0.788462738076021E-01
0.153098794538855E+00
0.239735487264335E+00
0.324627388773550E+00
0.393572111082012E+00
0.434845528002074E+00
0.441416724696793E+00
0.412462379208789E+00
0.353533684400472E+00
0.275553040983802E+00
0.192541865987866E+00
0.118685132196028E+00
0.655160839569039E-01
0.398098992012255E-01
0.427503325740594E-01
0.705039195330098E-01
0.115830630087001E+00
0.170336558034167E+00
0.226487635593995E+00
0.278879619478460E+00
0.324615322294258E+00
0.362587303700690E+00
0.392435567138928E+00
0.413421120444213E+00
0.423904734771771E+00
0.421509747919323E+00
0.404006457785285E+00
0.370438823100637E+00
0.322133718892076E+00
0.263076888951677E+00
0.199638374313849E+00
0.139510697142536E+00
0.903440649297422E-01
0.584898636817334E-01
0.480208319138198E-01
0.603239042617374E-01
0.941354550989434E-01
0.145777355919093E+00
0.209511721836383E+00
0.277783418174180E+00
0.341599445934921E+00
0.391214245835096E+00
0.417290681571707E+00
0.412705774651291E+00
0.374577805296650E+00
0.306116474621838E+00
0.217374359830625E+00
0.124568023628696E+00
0.473122238623358E-01
0.457937184158674E-02
0.984366038469347E-02
0.670217086682540E-01
0.168339014983584E+00
0.295036413587338E+00
0.421130039223324E+00
0.519369741895609E+00
0.567819912648275E+00
0.555590195117634E+00
0.485614671568985E+00
0.373947557157367E+00
0.245591290774052E+00
0.127950322338737E+00
0.437757586529380E-01
0.560361673777131E-02
0.132073072105933E-01
0.546600976810752E-01
0.110606230335581E+00
0.160353727206739E+00
0.187861927138072E+00
0.186012272782537E+00
0.157868208723363E+00
0.114863704447321E+00
0.726072929352649E-01
0.457722354916682E-01
0.436769425301490E-01
0.677774797602234E-01
0.111754569352199E+00
0.163878763006281E+00
0.210727808091227E+00
0.241122728823249E+00
0.248882766501781E+00
0.233909791764401E+00
0.201331468031486E+00
0.159319600701437E+00
0.116372939201204E+00
0.790319784114566E-01
0.506329963907730E-01
0.313864361861816E-01
0.194452734190930E-01
0.124978091059288E-01
0.915398428128238E-02
0.963857636905741E-02
0.156386471200470E-01
0.293961137230923E-01
0.524953414404891E-01
0.848104013292750E-01
0.124057002131713E+00
0.166036923552872E+00
0.205615349455285E+00
0.237875820895880E+00
0.259358561339519E+00
0.268646240951346E+00
0.266539720214512E+00
0.255401551970523E+00
0.238313947512445E+00
0.218053843633255E+00
0.196419249642197E+00
0.174009353828761E+00
0.150452873703658E+00
0.125104235464807E+00
0.978113961792287E-01
0.695199435868249E-01
0.424740332833447E-01
0.199498742809153E-01
0.549586825723826E-02
0.195408641554050E-02
0.104830989101171E-01
0.299267920655474E-01
0.567094485918333E-01
0.853889771744908E-01
0.109751935212047E+00
0.124228176210707E+00
0.125275797539559E+00
0.112350429070114E+00
0.881570639123795E-01
0.581545220181692E-01
0.293018390173505E-01
0.835853375055736E-02
0.287148009057329E-03
0.704520858064971E-02
0.271964966802422E-01
0.564119742768311E-01
0.887058338542528E-01
0.118036202035606E+00
0.139782337804025E+00
0.151687801128650E+00
0.153917045473828E+00
0.148451437538886E+00
0.137954029224972E+00
0.124601604287472E+00
0.109375859230598E+00
0.921315979362230E-01
0.723092087457991E-01
0.501569575204313E-01
0.277565234714454E-01
0.942920212481776E-02
0.115921425716791E-02
0.901253368647667E-02
0.369896822514946E-01
0.849981528865397E-01
0.147740560250677E+00
0.215049359177061E+00
0.273829506317140E+00
0.311291004844538E+00
0.318438197784036E+00
0.292939498087401E+00
0.240305947794106E+00
0.172949707896798E+00
0.107131098592190E+00
0.587137453707589E-01
0.389041747914654E-01
0.511348548292648E-01
0.902687417017287E-01
0.144228760421622E+00
0.197749061774881E+00
0.236985993463323E+00
0.253784925185072E+00
0.247976310530337E+00
0.227395602358999E+00
0.205141620299380E+00
0.195301047315173E+00
0.208234288436422E+00
0.247019205028384E+00
0.306073503689286E+00
0.372514006071680E+00
0.429724583029402E+00
0.462160885723312E+00
0.459879612236176E+00
0.421487780362553E+00
0.354526496230941E+00
0.273443460471347E+00
0.195513513823779E+00
0.136166477768390E+00
0.104980827382922E+00
0.103441972969104E+00
0.125117377228738E+00
0.157994435734851E+00
0.188198328422185E+00
0.204036209594839E+00
0.199085634361347E+00
0.173611521407982E+00
0.134026800185322E+00
0.906434618381503E-01
0.545423017970681E-01
0.344504336053912E-01
0.345040059578838E-01
0.533941044791876E-01
0.850349374078958E-01
0.120394367200271E+00
0.149954445932278E+00
0.166046639343540E+00
0.164581603265013E+00
0.145761207475602E+00
0.113746042835823E+00
0.755066411739070E-01
0.391819291836399E-01
0.123675206434344E-01
0.741314222091605E-03
0.719931640056678E-02
0.316238184084830E-01
0.712192433992374E-01
0.121229864226885E+00
0.175856158827125E+00
0.229156677506767E+00
0.275734121279486E+00
0.311160626820398E+00
0.332243815962319E+00
0.336931289179406E+00
0.324437132108640E+00
0.295287891192762E+00
0.251499442100496E+00
0.196823976119104E+00
0.136960757625691E+00
0.793368739739290E-01
0.324537211244803E-01
0.470459849718705E-02
0.272105503054454E-02
0.296837401758561E-01
0.840076788907633E-01
0.158870713540336E+00
0.242984845912067E+00
0.322477227725847E+00
0.383758979701283E+00
0.416442779790827E+00
0.415934702238174E+00
0.384457258824703E+00
0.330580182742711E+00
0.266984180938794E+00
0.207176188538982E+00
0.162027104127698E+00
0.137080902904095E+00
0.131453002035036E+00
0.138630654309319E+00
0.148928662841332E+00
0.152817946561631E+00
0.144074923461180E+00
0.121777447603426E+00
0.906002905888940E-01
0.591803531426597E-01
0.373099395873368E-01
0.327463896747689E-01
0.487027308282484E-01
0.828324662324405E-01
0.127933206703285E+00
0.174122273390361E+00
0.211665211726255E+00
0.233622507330143E+00
0.237328582968031E+00
0.224574419849011E+00
0.200236147339593E+00
0.170345687467822E+00
0.140033247326247E+00
0.112284956502662E+00
0.878020146022500E-01
0.658570223272327E-01
0.457167405666088E-01
0.278955310283583E-01
0.146579913356287E-01
0.946451011024634E-02
0.155295067182940E-01
0.341020695280857E-01
0.631753305412028E-01
0.972426214594443E-01
0.128434084184592E+00
0.148733212345515E+00
0.152658319880311E+00
0.139463442585788E+00
0.113999617924410E+00
0.859569472171315E-01
0.674061272318990E-01
0.694453191976076E-01
0.988070171202350E-01
0.155611832022327E+00
0.232836099205868E+00
0.317669670216528E+00
0.394559539135952E+00
0.448860850604777E+00
0.470156619327012E+00
0.454521293553425E+00
0.404933535785954E+00
0.330327385594914E+00
0.243176774763312E+00
0.156917550387825E+00
0.834964304943253E-01
0.318069709952125E-01
0.698978255922270E-02
0.105674814531963E-01
0.409749925345637E-01
0.941535656967186E-01
0.163979641114673E+00
0.242572907106521E+00
0.320631613226084E+00
0.388104667490540E+00
0.435328442690129E+00
0.454572085067624E+00
0.441704832762850E+00
0.397581078224759E+00
0.328379362313135E+00
0.245069559122293E+00
0.161427012073138E+00
0.914018176424084E-01
0.461747239385126E-01
0.317726271920831E-01
0.477972559109476E-01
0.876596177995897E-01
0.140245115553301E+00
0.192562890085515E+00
0.232768951496449E+00
0.252791464321000E+00
0.249940166348004E+00
0.227164854299607E+00
0.192041877238089E+00
0.154747023291099E+00
0.125568011612116E+00
0.112499297376897E+00
0.119495351239697E+00
0.145647411282980E+00
0.185438557880279E+00
0.229922996906543E+00
0.268684117956350E+00
0.291933191251461E+00
0.292707141329253E+00
0.268405786936795E+00
0.221665663111672E+00
0.160075985099051E+00
0.950019563040000E-01
0.395688730059004E-01
0.610329430108327E-02
0.362265071305148E-02
0.358236729752187E-01
0.100044867406473E+00
0.187451006285589E+00
0.284493071950333E+00
0.375374432197921E+00
0.444991071621967E+00
0.481833783076414E+00
0.480109571961417E+00
0.440824496747237E+00
0.371456687666452E+00
0.284531818353373E+00
0.195195902634329E+00
0.118493561213755E+00
0.668491724013898E-01
0.480868445827441E-01
0.644052489735435E-01
0.112343903732315E+00
0.183668025462707E+00
0.266913363933740E+00
0.349359302194803E+00
0.419069652444559E+00
0.466751362901729E+00
0.487049740786056E+00
0.479334903548505E+00
0.447540955726493E+00
0.399357025367926E+00
0.344628487238172E+00
0.293492898890921E+00
0.254284443605974E+00
0.231941859422308E+00
0.227036474516887E+00
0.235880499329387E+00
0.251474209398065E+00
0.265357732919356E+00
0.269736964456757E+00
0.259404564425219E+00
0.233052195332458E+00
0.193505048183306E+00
0.146865613530208E+00
0.100852008826960E+00
0.627103305034841E-01
0.373438978385096E-01
0.261621371439990E-01
0.269266986680767E-01
0.346458694579856E-01
0.432196997394647E-01
0.473724170062140E-01
0.441915863880060E-01
0.339588908202157E-01
0.199418716054908E-01
0.725796776975644E-02
0.115842037479409E-02
0.526556397565936E-02
0.202980285638035E-01
0.436726694936564E-01
0.701115502918599E-01
0.930816489749595E-01
0.106708732841908E+00
0.107463010930410E+00
0.953374630051805E-01
0.739447957426746E-01
0.496807343218052E-01
0.300033349088765E-01
0.214299720272591E-01
0.277510730830965E-01
0.489368383792885E-01
0.810975201792772E-01
0.117454847766879E+00
0.150081410838537E+00
0.171924388062582E+00
0.178523869794547E+00
0.169034815295034E+00
0.146200378137673E+00
0.115378958911073E+00
0.829465787272815E-01
0.545194166495216E-01
0.335931691006130E-01
0.209406614071856E-01
0.149550260398482E-01
0.127888450531719E-01
0.118470967529473E-01
0.111415557411251E-01
0.119806863019840E-01
0.177295951502416E-01
0.326541751938439E-01
0.601716809241865E-01
0.101099544711213E+00
0.152511969270513E+00
0.207636146061815E+00
0.256999599309707E+00
0.290609201285401E+00
0.300524737163970E+00
0.283201210505305E+00
0.240775570987332E+00
0.180977014530671E+00
0.115460797863072E+00
0.570917337784885E-01
0.167359170919327E-01
0.692248317713510E-03
0.916770684913445E-02
0.364778449831009E-01
0.727823532444958E-01
0.106870913608785E+00
0.129238938935011E+00
0.134554502037701E+00
0.122804117962785E+00
0.989681658992426E-01
0.712134231817713E-01
0.483145626121082E-01
0.370809027455653E-01
0.404489039264410E-01
0.568797685947147E-01
0.811011494909789E-01
0.105891239867500E+00
0.124333286650373E+00
0.131795916745243E+00
0.127060940188754E+00
0.112338570269991E+00
0.921736357369073E-01
0.717905561528684E-01
0.553249631989777E-01
0.446544194197587E-01
0.391178587965051E-01
0.362674706979530E-01
0.332410305586325E-01
0.283738749963583E-01
0.223891998851541E-01
0.187145377402671E-01
0.227856933627569E-01
0.404237518384474E-01
0.758715593974983E-01
0.129917619401637E+00
0.198861119461192E+00
0.274618954264315E+00
0.346075950619660E+00
0.401324155447747E+00
0.430340497916060E+00
0.427366946156329E+00
0.392413124952608E+00
0.331363027568368E+00
0.254937181078002E+00
0.176354147323437E+00
0.108608495723841E+00
0.618127274971601E-01
0.412603197801291E-01
0.466018316125111E-01
0.723334021736294E-01
0.109329141848736E+00
0.147063179675271E+00
0.175967481574268E+00
0.189400199879044E+00
0.184740416536667E+00
0.163544445293016E+00
0.130725675003596E+00
0.930923914947194E-01
0.575628004329406E-01
0.296023952322264E-01
0.121570154079373E-01
0.531982383392599E-02
0.673598274669654E-02
0.125658688387314E-01
0.187301984226765E-01
0.220618665576576E-01
0.211048034224507E-01
0.163383323763955E-01
0.983913051656722E-02
0.449321584775116E-02
0.302473408649382E-02
0.710750359846036E-02
0.168419539853478E-01
0.307054876319845E-01
0.459889312698479E-01
0.595528556413244E-01
0.686953386535388E-01
0.718448122439582E-01
0.689045686645400E-01
0.611198224602625E-01
0.506149072971295E-01
0.397074829872970E-01
0.302632050072693E-01
0.232804355656549E-01
0.188585037577035E-01
0.164714839488111E-01
0.154703653397192E-01
0.155341018054495E-01
0.169356358659504E-01
0.204364251804842E-01
0.268967606988575E-01
0.367045487933817E-01
0.492911621067826E-01
0.629502256482710E-01
0.751256281283876E-01
0.830821637024330E-01
0.848452829177958E-01
0.800214038288528E-01
0.702245064543477E-01
0.588611813540046E-01
0.502844700832173E-01
0.484639424487163E-01
0.556215082566782E-01
0.712641183937905E-01
0.920015860802866E-01
0.112262937004097E+00
0.125853298956262E+00
0.127928546843361E+00
0.116700115003402E+00
0.944989020958623E-01
0.676421779926541E-01
0.450623042492795E-01
0.360830031488642E-01
0.477895559199348E-01
0.828588595279654E-01
0.138362674325324E+00
0.206052729765182E+00
0.274039120818050E+00
0.329500559291757E+00
0.361793584789583E+00
0.365010062622765E+00
0.339489225100472E+00
0.291890694289554E+00
0.233632193906294E+00
0.178276446274933E+00
0.138535526387958E+00
0.123455832672050E+00
0.136619581582718E+00
0.175515707202337E+00
0.232385261627273E+00
0.296013038649363E+00
0.354163258840415E+00
0.396020868978190E+00
0.414086335049709E+00
0.405355478866291E+00
0.371319972116035E+00
0.317418841384269E+00
0.251578612603347E+00
0.182646436200849E+00
0.118834970448065E+00
0.664471712557476E-01
0.291547917736338E-01
0.769573105039238E-02
0.220937644479289E-03
0.296426877119303E-02
0.111953152918368E-01
0.202567528994164E-01
0.265077641889157E-01
0.279990031495801E-01
0.247965123107779E-01
0.188374465800276E-01
0.133629665792118E-01
0.120670404587062E-01
0.180552469140606E-01
0.329323161777397E-01
0.562312161873040E-01
0.853450444731945E-01
0.116050998772501E+00
0.143599024533356E+00
0.164081841028222E+00
0.175659508981228E+00
0.179541866831284E+00
0.180024915296682E+00
0.183750863169093E+00
0.198039219716839E+00
0.228769025663745E+00
0.278266296699866E+00
0.343808041547364E+00
0.417366768982630E+00
0.486591043075305E+00
0.537353516675648E+00
0.556943389208588E+00
0.537478541206081E+00
0.478291137605179E+00
0.386917634140043E+00
0.278001980698860E+00
0.170354919259721E+00
0.828056507637261E-01
0.298515897473496E-01
0.182527182299147E-01
0.454669754721665E-01
0.100468969430513E+00
0.166640616445976E+00
0.226081933194013E+00
0.264181838244722E+00
0.273000962388372E+00
0.252945102529718E+00
0.211937276254832E+00
0.162713297618494E+00
0.118850044073363E+00
0.909742608001356E-01
0.840110862134155E-01
0.963154411481800E-01
0.120842162458575E+00
0.147763335584580E+00
0.167700381511562E+00
0.174538725708722E+00
0.166948502795045E+00
0.148299346338281E+00
0.125107069490668E+00
0.104690221080598E+00
0.928100684677965E-01
0.921363074876135E-01
0.101902548817762E+00
0.118727104231042E+00
0.138234307875480E+00
0.156760521274738E+00
0.172473567028517E+00
0.185666406759544E+00
0.197984199642448E+00
0.211262680370121E+00
0.226150164953886E+00
0.241353634940672E+00
0.253752410995995E+00
0.259240282219953E+00
0.254249457622985E+00
0.237059412399516E+00
0.208702243572608E+00
0.172975986729415E+00
0.135442697135626E+00
0.101944416664731E+00
0.769655931341487E-01
0.624155120921813E-01
0.572971420336329E-01
0.582482005586306E-01
0.608553829585397E-01
0.612141958710576E-01
0.572907453272956E-01
0.496136329702404E-01
0.410900259330421E-01
0.360545549996393E-01
0.387848485214166E-01
0.520408242443405E-01
0.759983881353149E-01
0.107834489917172E+00
0.142259149270277E+00
0.172647267423306E+00
0.192558024093452E+00
0.197404927982359E+00
0.185520486774041E+00
0.158708355170040E+00
0.121979071119663E+00
0.824673586137616E-01
0.478936790000759E-01
0.248442175527809E-01
0.172251945891281E-01
0.253778600918951E-01
0.459800262598139E-01
0.728755490176348E-01
0.986240118515595E-01
0.116413984738331E+00
0.121840850200836E+00
0.114029151199492E+00
0.958400958376429E-01
0.729131310193318E-01
0.520055352774054E-01
0.388746752631816E-01
0.365006068263820E-01
0.441685255572079E-01
0.577379400793087E-01
0.710083227846588E-01
0.778721145339563E-01
0.744271842575410E-01
0.604257126818676E-01
0.395570834582322E-01
0.183137961075610E-01
0.389940949122165E-02
0.176515975125014E-02
0.136455244705371E-01
0.367688450226594E-01
0.645786680541400E-01
0.887347780409174E-01
0.101827740077495E+00
0.998469853399185E-01
0.836380761878776E-01
0.587665758271331E-01
0.338906571923518E-01
0.180457323113373E-01
0.178073684858565E-01
0.351812315060846E-01
0.669178664986313E-01
0.105468669911562E+00
0.141183931644346E+00
0.165177236654128E+00
0.171773383700411E+00
0.159980560817686E+00
0.133483757856535E+00
0.993411147596718E-01
0.658619149439763E-01
0.403686691678735E-01
0.275566300202593E-01
0.287825993703342E-01
0.423994661771230E-01
0.647683665324472E-01
0.915198394540853E-01
0.118617605024522E+00
0.142902804501959E+00
0.162180208597733E+00
0.174942778811132E+00
0.180167016470864E+00
0.177282486331085E+00
0.166432209707523E+00
0.148810852335719E+00
0.126888540686900E+00
0.104159351065659E+00
0.844304119569042E-01
0.707381200897409E-01
0.642871638983367E-01
0.638445068107304E-01
0.659888455435226E-01
0.661872827062838E-01
0.605271780338773E-01
0.474847898807309E-01
0.290679295774303E-01
0.108412656963144E-01
0.602756223900592E-03
0.602673441628463E-02
0.319447631319636E-01
0.781588025369455E-01
0.138568450325750E+00
0.202098836160753E+00
0.255208852769623E+00
0.285458357933568E+00
0.285042418403050E+00
0.253274149940360E+00
0.197128231911132E+00
0.129834625961332E+00
0.675782628162716E-01
0.254868696071639E-01
0.137926532052194E-01
0.353835464477386E-01
0.852677943641753E-01
0.152052063184790E+00
0.220984393517975E+00
0.277649303969388E+00
0.311264472219790E+00
0.316868887621151E+00
0.295798326955602E+00
0.254694633587016E+00
0.203341103104989E+00
0.152056981707663E+00
0.109420777790164E+00
0.807358008439141E-01
0.675573371245811E-01
0.681281202650484E-01
0.784709522810969E-01
0.936538615689650E-01
0.108964128438093E+00
0.120707449655562E+00
0.126573560139961E+00
0.125700234945477E+00
0.118525564678247E+00
0.106485126202109E+00
0.918068421084825E-01
0.772172707375435E-01
0.656444104447044E-01
0.597895782395199E-01
0.616724443428468E-01
0.721419669897429E-01
0.905254334302869E-01
0.114505506808463E+00
0.140297479690883E+00
0.163317831010656E+00
0.178902669636257E+00
0.183346598102553E+00
0.174700744929078E+00
0.153352978937660E+00
0.122150117583764E+00
0.859544927095491E-01
0.508998189570204E-01
0.232214723627397E-01
0.805994173316928E-02
0.840817168055836E-02
0.244307279385090E-01
0.533052399604549E-01
0.896468998495084E-01
0.126484017184119E+00
0.156570102264159E+00
0.173878715589176E+00
0.174876554457264E+00
0.159355793246202E+00
0.130590067267192E+00
0.947345063268685E-01
0.595630784518139E-01
0.327489098577877E-01
0.201373480106494E-01
0.243459472943145E-01
0.440903109300815E-01
0.744257080459708E-01
0.107883959123371E+00
0.136259694441559E+00
0.152577715378519E+00
0.152840028613812E+00
0.136927316684327E+00
0.108619280070109E+00
0.744808758776455E-01
0.421202777526727E-01
0.181602246540871E-01
0.653002008402167E-02
0.756969862802919E-02
0.181668281404684E-01
0.328951638916065E-01
0.458099584160752E-01
0.523293488189868E-01
0.506797028961214E-01
0.423829889055089E-01
0.317072495172786E-01
0.242062130173660E-01
0.248013850523782E-01
0.360370314519794E-01
0.570180710571036E-01
0.834861071252250E-01
0.108917238588954E+00
0.126401566853171E+00
0.130751184840415E+00
0.120113650760266E+00
0.966632377389256E-01
0.660563758880722E-01
0.359179946517791E-01
0.136531611305596E-01
0.437724543068104E-02
0.949737478071813E-02
0.263958428340305E-01
0.492700249816995E-01
0.708925905645068E-01
0.847215147318910E-01
0.867567818668420E-01
0.765937565549086E-01
0.573849159892861E-01
0.347621199926564E-01
0.151318277543161E-01
0.376814569446614E-02
0.334533690730172E-02
0.132771689682786E-01
0.300170915695782E-01
0.481977403074224E-01
0.622310361722996E-01
0.679230042758375E-01
0.636151731870289E-01
0.506366794159904E-01
0.329065691617792E-01
0.158506933664845E-01
0.496349604232837E-02
0.434059822786443E-02
0.155744889732091E-01
0.372668240600341E-01
0.652551155525309E-01
0.935373489364070E-01
0.115629679041714E+00
0.126106911889805E+00
0.122033614310125E+00
0.103764385388031E+00
0.751957485257162E-01
0.430954271413777E-01
0.157349719555003E-01
0.114033990594373E-02
0.521710359643543E-02
0.302806916403242E-01
0.743193914494807E-01
0.131205300148718E+00
0.191878292108102E+00
0.246179437814617E+00
0.285031423852346E+00
0.302286319186357E+00
0.296041481483837E+00
0.268818502953870E+00
0.226887412499166E+00
0.178883684982428E+00
0.133817247498208E+00
0.993588237668197E-01
0.804312313444241E-01
0.785716589776071E-01
0.919869402438821E-01
0.116241986321618E+00
0.145381966755298E+00
0.173141599410780E+00
0.194193677843038E+00
0.205106585504241E+00
0.204980201008425E+00
0.195729537881774E+00
0.181695669661641E+00
0.169006798587071E+00
0.164022836731078E+00
0.171939180218725E+00
0.194944666720563E+00
0.231120441709706E+00
0.273996943817454E+00
0.313606914602470E+00
0.338503238087241E+00
0.338891173949487E+00
0.309810212888613E+00
0.253674319172952E+00
0.181006312420291E+00
0.109120922266179E+00
0.585581978185502E-01
0.480961502195140E-01
0.895282161119511E-01
0.183702934662998E+00
0.319042687898247E+00
0.473267896205608E+00
0.618012232633093E+00
0.725357365115928E+00
0.774551614250320E+00
0.757051144063986E+00
0.678623694226905E+00
0.557780911062248E+00
0.420948188188861E+00
0.295849321063347E+00
0.204883183099826E+00
0.160192138545306E+00
0.161838339503421E+00
0.199313914200864E+00
0.255701539395157E+00
0.313066135225393E+00
0.357487388640954E+00
0.382135296266237E+00
0.387744933344990E+00
0.380638872538446E+00
0.369159240957225E+00
0.359966214108819E+00
0.355309298324653E+00
0.352446726303646E+00
0.345101382507185E+00
0.326324858480933E+00
0.291781706764575E+00
0.242155433838086E+00
0.183756784187982E+00
0.127162022184721E+00
0.841865262808104E-01
0.642326879190915E-01
0.711953076612971E-01
0.101922802232181E+00
0.146769766370213E+00
0.192140898385256E+00
0.224189581599963E+00
0.232715708752278E+00
0.213964417736005E+00
0.171687866691904E+00
0.116039210747783E+00
0.607686526103416E-01
0.194364355567090E-01
0.181320946307386E-02
0.113623986189318E-01
0.445270273463885E-01
0.919052953823582E-01
0.140934174841739E+00
0.179348834847298E+00
0.198371665766026E+00
0.194904418926408E+00
0.172053128954494E+00
0.137990101942548E+00
0.103481078690049E+00
0.788167163325163E-01
0.709205662211606E-01
0.815284009535045E-01
0.106805533522306E+00
0.138536443008813E+00
0.166509897932859E+00
0.181436360801988E+00
0.177558698677479E+00
0.154278566226535E+00
0.116334378491163E+00
0.725375746242279E-01
0.333869876715775E-01
0.828330143953898E-02
0.311204406142125E-02
0.188069438613416E-01
0.512868193267248E-01
0.927071740795917E-01
0.133619763787784E+00
0.165385162039907E+00
0.182281826433404E+00
0.182576246680560E+00
0.168660034556292E+00
0.146085983224884E+00
0.122005357724540E+00
0.103530876970310E+00
0.963059979417149E-01
0.103682162954668E+00
0.126445412385459E+00
0.162977025642735E+00
0.209612947014997E+00
0.261055992523502E+00
0.310823087022911E+00
0.351723288599317E+00
0.376671786555699E+00
0.379861125139416E+00
0.358206628378025E+00
0.312870750560670E+00
0.250327282754790E+00
0.182534418127365E+00
0.125640315230776E+00
0.974598441411939E-01
0.113767284619900E+00
0.184325811901230E+00
0.309542818316740E+00
0.478807396066208E+00
0.671012807445510E+00
0.857601746865860E+00
0.100761778891214E+01
0.109377815538380E+01
0.109821202127492E+01
0.101692203495683E+01
0.861264955779038E+00
0.656811015757393E+00
0.438950400667283E+00
0.246686830515475E+00
0.115370962998910E+00
0.700061409290420E-01
0.120374265581356E+00
0.258862218288385E+00
0.461594636129702E+00
0.692462936194216E+00
0.909688141349200E+00
0.107340585402842E+01
0.115311821138827E+01
0.113369772023441E+01
0.101830662809111E+01
0.828211469493342E+00
0.598881809214222E+00
0.373234021104761E+00
0.193188426095432E+00
0.913233388277661E-01
0.841771069607120E-01
0.168813161349767E+00
0.323378693023136E+00
0.511792708931119E+00
0.691353872331325E+00
0.822000119160028E+00
0.874880022323765E+00
0.838468940529254E+00
0.720874675905849E+00
0.547738330466781E+00
0.356274272650242E+00
0.186927278522841E+00
0.744300278689566E-01
0.404296997578002E-01
0.892046160240950E-01
0.207340055394590E+00
0.367307030664925E+00
0.533920807222967E+00
0.672195632577912E+00
0.754609035102355E+00
0.766423659438319E+00
0.707894385319729E+00
0.593123319034095E+00
0.446015052759671E+00
0.294513757376978E+00
0.164358577860265E+00
0.739782465555162E-01
0.312178090462753E-01
0.328576190390432E-01
0.664731921720728E-01
0.114277068716705E+00
0.157817546521634E+00
0.182463451678802E+00
0.180622443502102E+00
0.153106311270432E+00
0.108343444546845E+00
0.597507630871578E-01
0.220604492985685E-01
0.740785801603557E-02
0.222367089196338E-01
0.656423142228291E-01
0.129599740424522E+00
0.200912115222613E+00
0.264362283610802E+00
0.306275791983298E+00
0.317675590676400E+00
0.296207886086697E+00
0.246552132061371E+00
0.179221741846839E+00
0.108188986680953E+00
0.478529485419158E-01
0.101891057238417E-01
0.256817655911885E-02
0.266892464940272E-01
0.786975477547801E-01
0.150319140318753E+00
0.230623837703161E+00
0.308016452051014E+00
0.372051616029944E+00
0.414817434065146E+00
0.431727910715735E+00
0.421841012318126E+00
0.387624087865101E+00
0.334322196292240E+00
0.269137424686743E+00
0.200182938465182E+00
0.135288392286353E+00
0.809965118725585E-01
0.415678731343230E-01
0.185436126890183E-01
0.106121231903953E-01
0.141230238802072E-01
0.240384573320160E-01
0.351641120547641E-01
0.433713331468595E-01
0.465156597749207E-01
0.448000288394462E-01
0.404825418706076E-01
0.370060886441642E-01
0.377974877134802E-01
0.450729769704265E-01
0.590191455336348E-01
0.775502540025446E-01
0.967993225006689E-01
0.112151481936751E+00
0.119484775048751E+00
0.116441216070707E+00
0.103061712899294E+00
0.818518871295171E-01
0.571183715657373E-01
0.337964302415224E-01
0.161182512505543E-01
0.647802274485493E-02
0.489327984650356E-02
0.914654918414923E-02
0.156128992171590E-01
0.205124713692945E-01
0.211928908233721E-01
0.170917599913816E-01
0.100133440281469E-01
0.370524943920277E-02
0.276785257005942E-02
0.112644516343720E-01
0.314172314971906E-01
0.627951282148861E-01
0.102240349001933E+00
0.144576254378144E+00
0.183909388322150E+00
0.215158111559771E+00
0.235324827330365E+00
0.244249559115783E+00
0.244477645035862E+00
0.240413762096952E+00
0.236921888487471E+00
0.237885324177999E+00
0.244983194485092E+00
0.257273273472551E+00
0.271410885514254E+00
0.282700489456595E+00
0.286388119473428E+00
0.279070377690465E+00
0.259579770843092E+00
0.229308442752473E+00
0.191771141150227E+00
0.151706753279044E+00
0.113883625925716E+00
0.820635547372250E-01
0.583844839844555E-01
0.431945029490802E-01
0.354427060036560E-01
0.332829784626096E-01
0.348023021731425E-01
0.384734509311964E-01
0.433748031005568E-01
0.490517448262432E-01
0.552166157924315E-01
0.614329717403259E-01
0.669414660641380E-01
0.707314709646767E-01
0.718184670609675E-01
0.696004461598021E-01
0.641565916039515E-01
0.563408642419493E-01
0.475899417486037E-01
0.395061877815608E-01
0.333483781148147E-01
0.296060883442617E-01
0.278291067044760E-01
0.267873241700660E-01
0.249405370135459E-01
0.211032090827136E-01
0.150647552298960E-01
0.797837886919481E-02
0.234713568066480E-02
0.153176732693240E-02
0.890094014574322E-02
0.267804789582687E-01
0.555122687690596E-01
0.928646859349464E-01
0.134067480256386E+00
0.172501681229235E+00
0.201034503859774E+00
0.213684074437120E+00
0.207298197765472E+00
0.182795284485810E+00
0.145619895738199E+00
0.105117180055383E+00
0.729298068329518E-01
0.605817544456954E-01
0.767980868074384E-01
0.125189894694795E+00
0.202822601378418E+00
0.300253014377709E+00
0.402938054305290E+00
0.494076877235924E+00
0.557974424732452E+00
0.583292052425648E+00
0.565562999993131E+00
0.507982501926102E+00
0.420637158017412E+00
0.318112442378595E+00
0.216278876981463E+00
0.128941026154913E+00
0.652127409152705E-01
0.282438551841291E-01
0.154585703914597E-01
0.201096662882451E-01
0.336116624549087E-01
0.478969025822298E-01
0.572607010384740E-01
0.591382803336531E-01
0.539288303777413E-01
0.440155663728492E-01
0.324586816148363E-01
0.218710835393061E-01
0.137293010625359E-01
0.831328623053553E-02
0.506448976756129E-02
0.314712544003490E-02
0.189889582540131E-02
0.101120992049710E-02
0.442665656691234E-03
0.190084828236904E-03
0.145875351855269E-03
0.172765555379094E-03
0.409886363188735E-03
0.165124643890610E-02
0.553632395408625E-02
0.143278113405252E-01
0.301749308869470E-01
0.540513223451456E-01
0.847079611740818E-01
0.118159787160318E+00
0.148036727365750E+00
0.167053489519181E+00
0.169200907010610E+00
0.152145593992947E+00
0.119018210054618E+00
0.787599162235316E-01
0.447008918221442E-01
0.314035690187390E-01
0.505572090163757E-01
0.106995979159744E+00
0.196135003331007E+00
0.303772848133557E+00
0.408649702123877E+00
0.487317578944165E+00
0.520116736461611E+00
0.496880760580910E+00
0.420249177020339E+00
0.306191986938409E+00
0.180735657401511E+00
0.740146703310979E-01
0.129218421443849E-01
0.143064379191387E-01
0.805447758113267E-01
0.198673919951104E+00
0.343389318413943E+00
0.483127657480679E+00
0.587643937697180E+00
0.635176004631718E+00
0.617309672291501E+00
0.540412107346566E+00
0.423294576308430E+00
0.291971744219731E+00
0.172928257450575E+00
0.867235978582810E-01
0.435885307814653E-01
0.420927943884913E-01
0.708528143288146E-01
0.112809795743030E+00
0.150540948498040E+00
0.171095356163253E+00
0.169105770883893E+00
0.147298811792899E+00
0.114629997287412E+00
0.827183532066693E-01
0.617997457699512E-01
0.575328637148308E-01
0.696346447264509E-01
0.925392955646342E-01
0.117876884543392E+00
0.137723095537636E+00
0.147554607175467E+00
0.147784133162171E+00
0.143480427690587E+00
0.142197180227996E+00
0.150845012485454E+00
0.172642902103249E+00
0.205213401330010E+00
0.240660002714022E+00
0.267669878018159E+00
0.275148113786143E+00
0.256067996136820E+00
0.210506982790190E+00
0.146590857013244E+00
0.790041621754800E-01
0.252695511702950E-01
0.985943336542260E-03
0.151774660468849E-01
0.673558242029883E-01
0.147117702422239E+00
0.236534763147136E+00
0.314653600816092E+00
0.362959874815791E+00
0.370169140586700E+00
0.335072251200006E+00
0.266736860366584E+00
0.181945191345859E+00
0.100753409136537E+00
0.413752052802136E-01
0.158214744011834E-01
0.274027638433373E-01
0.706214047650484E-01
0.133315131831237E+00
0.200339242547389E+00
0.257588726812516E+00
0.295507766068872E+00
0.310916004358035E+00
0.307133987840662E+00
0.292395774277624E+00
0.277080185238642E+00
0.270735226403441E+00
0.279537508987909E+00
0.304684076431683E+00
0.342265495348454E+00
0.384226468607254E+00
0.420367994429813E+00
0.440718838848823E+00
0.437881111165373E+00
0.408765263763356E+00
0.355342209749685E+00
0.284365113290339E+00
0.206079183780318E+00
0.132052783560298E+00
0.728110372758533E-01
0.355923717722764E-01
0.228487634595441E-01
0.318470070387804E-01
0.554597953904951E-01
0.840352683546769E-01
0.107831922093182E+00
0.119414416063482E+00
0.115403255252408E+00
0.970281566809723E-01
0.694745479774407E-01
0.401135869220083E-01
0.162214530166841E-01
0.285389845409655E-02
0.151253867931601E-02
0.997494491653723E-02
0.233130066831445E-01
0.357457935580608E-01
0.426925672471835E-01
0.424252473255839E-01
0.367356202578611E-01
0.304859900187876E-01
0.301429786617896E-01
0.417903700159862E-01
0.692311049329751E-01
0.112618014355655E+00
0.168128824283295E+00
0.228614690797316E+00
0.285067265882472E+00
0.328446484492797E+00
0.351586288433645E+00
0.350549933560978E+00
0.325395942967121E+00
0.280268622372547E+00
0.222692254849870E+00
0.162447680983045E+00
0.110098658131715E+00
0.752237799766418E-01
0.648699272372709E-01
0.821810547232821E-01
0.125612097772989E+00
0.188953146853837E+00
0.262189059946190E+00
0.333185355908327E+00
0.389964784337962E+00
0.423034761985629E+00
0.427228593508388E+00
0.402589359651503E+00
0.354112478482029E+00
0.290295340967089E+00
0.221028576320911E+00
0.155327845328355E+00
0.996309547365095E-01
0.570893580808467E-01
0.278916337259056E-01
0.104213592027032E-01
0.267900596455123E-02
0.335993206937465E-02
0.121534453186177E-01
0.291717442290959E-01
0.538154807432840E-01
0.836573169317092E-01
0.113955671038625E+00
0.138227802748728E+00
0.149919411604051E+00
0.144589416476303E+00
0.121984112110920E+00
0.870518275424219E-01
0.493167024414951E-01
0.206797169523073E-01
0.119920022387949E-01
0.295509566812119E-01
0.726457079790188E-01
0.132967886956276E+00
0.196428359933879E+00
0.246792567705167E+00
0.270289441820356E+00
0.259828339023839E+00
0.217394635763202E+00
0.154123582552810E+00
0.877431386376216E-01
0.382256404314282E-01
0.228047422929238E-01
0.518107747973677E-01
0.126246186756680E+00
0.237780658412367E+00
0.370846801119621E+00
0.506225754315497E+00
0.624917246426052E+00
0.711495452282740E+00
0.756185749233141E+00
0.755510297087506E+00
0.711803431841822E+00
0.632072304757988E+00
0.526595804839030E+00
0.407578611321366E+00
0.288094756831096E+00
0.180866104921426E+00
0.969495217330246E-01
0.442469609284252E-01
0.260571677796228E-01
0.400929126011169E-01
0.784753734050253E-01
0.128978282128834E+00
0.177477038812727E+00
0.211129312790078E+00
0.221500111024323E+00
0.206617161969801E+00
0.171402038601421E+00
0.126052093375256E+00
0.830544607634047E-01
0.532655095110499E-01
0.427433024804452E-01
0.509465260141044E-01
0.711159895846520E-01
0.926826166090521E-01
0.104977548411096E+00
0.101005749094005E+00
0.800918203661125E-01
0.485003729969904E-01
0.177809760048679E-01
0.128266321667577E-02
0.996156089617819E-02
0.487196754428646E-01
0.114468808338999E+00
0.196431781174645E+00
0.278759103618531E+00
0.344450251910714E+00
0.379722820286261E+00
0.377385086352519E+00
0.338423303930592E+00
0.271492277308051E+00
0.190500824129088E+00
0.111214893522727E+00
0.477028536287514E-01
0.956663421528928E-02
0.630715747328693E-03
0.190249033572316E-01
0.584778539426126E-01
0.110245111127141E+00
0.165036670579807E+00
0.214541844062934E+00
0.252376183774289E+00
0.274354075712690E+00
0.278571777678587E+00
0.265147810013993E+00
0.236081375426595E+00
0.195106721678006E+00
0.147358414606154E+00
0.989042475507722E-01
0.558855042801701E-01
0.234860716751400E-01
0.492012523359987E-02
0.724509132527040E-03
0.865803181367721E-02
0.243225678126729E-01
0.423903380056079E-01
0.581257736962150E-01
0.687508093712295E-01
0.742297608514402E-01
0.771486664873148E-01
0.817430028255908E-01
0.923189179938076E-01
0.111578141661087E+00
0.139347003159272E+00
0.172239231795592E+00
0.204340745823568E+00
0.228779712723336E+00
0.239794696534463E+00
0.234638409957430E+00
0.214720572296326E+00
0.185680682891024E+00
0.156237470611020E+00
0.136104428517943E+00
0.133591456659062E+00
0.153367328007436E+00
0.195102512615818E+00
0.253281032081631E+00
0.318208026371397E+00
0.377947403573967E+00
0.420798452848580E+00
0.437643969849320E+00
0.423741728192968E+00
0.379657447772308E+00
0.311217505515333E+00
0.228497443404505E+00
0.144275830428746E+00
0.719931726248314E-01
0.237251598042274E-01
0.831406525765898E-02
0.298979321722408E-01
0.870623628231714E-01
0.172698371888997E+00
0.274722646009650E+00
0.377663144708233E+00
0.464963844923707E+00
0.521753102739924E+00
0.537641063154374E+00
0.508886162443442E+00
0.439511426663140E+00
0.340974555829695E+00
0.230228753726861E+00
0.126513170516608E+00
0.474969198166697E-01
0.559075129405023E-02
0.530977962204501E-02
0.423266020387552E-01
0.104552571632650E+00
0.174951637823584E+00
0.235547428593187E+00
0.271584185379135E+00
0.274806714931804E+00
0.245206835622320E+00
0.190618058080932E+00
0.124504610258389E+00
0.624234940274419E-01
0.181515661491373E-01
0.450809481102512E-03
0.112916092555763E-01
0.459115762141189E-01
0.946174154604415E-01
0.145763142024074E+00
0.189059352249364E+00
0.218264948411914E+00
0.232576496100042E+00
0.236382472168869E+00
0.237472233436726E+00
0.244258961493700E+00
0.262874940944919E+00
0.294920498825576E+00
0.336555452343159E+00
0.379252747694165E+00
0.411926909684803E+00
0.423988537445297E+00
0.408295379549574E+00
0.363460424992759E+00
0.294541834685273E+00
0.212107848000953E+00
0.129869891445634E+00
0.613715914283169E-01
0.168152454623251E-01
0.717842442771971E-03
0.110927929280343E-01
0.403146750620884E-01
0.774231516712973E-01
0.111167800450815E+00
0.132960490030622E+00
0.138928050288981E+00
0.130551784278153E+00
0.113769886190379E+00
0.969160220286560E-01
0.881360785840096E-01
0.930253801597601E-01
0.113225826113352E+00
0.146122539890856E+00
0.185793195060740E+00
0.224699967665697E+00
0.255605018064428E+00
0.273126554289433E+00
0.274590208302814E+00
0.260103942386382E+00
0.232032244041320E+00
0.194197713635492E+00
0.151150782572747E+00
0.107726477652937E+00
0.687802194750208E-01
0.390641256083673E-01
0.228425724468194E-01
0.231935919310986E-01
0.410844427580554E-01
0.744271535444506E-01
0.117645941474025E+00
0.162096202143022E+00
0.197558480531286E+00
0.214660286160854E+00
0.207535166300038E+00
0.176061216280109E+00
0.126833307683754E+00
0.721977736456694E-01
0.275863918024447E-01
0.752305675925904E-02
0.214307103918673E-01
0.704708521196132E-01
0.146412185295225E+00
0.233155307869658E+00
0.310515070542046E+00
0.359469488130197E+00
0.367490830799499E+00
0.332279012882343E+00
0.263042227403507E+00
0.178646725351438E+00
0.103193215443573E+00
0.600334972711016E-01
0.658363900827432E-01
0.126194341936608E+00
0.233890955355177E+00
0.370260472566017E+00
0.509193591532209E+00
0.622946850483668E+00
0.688191854956392E+00
0.691035455678035E+00
0.630048552088158E+00
0.516526017978785E+00
0.372309801672362E+00
0.225573975081627E+00
0.105519325208403E+00
0.368961270057741E-01
0.355101492715360E-01
0.105216302661379E+00
0.237089780255480E+00
0.410734237599066E+00
0.597731434363491E+00
0.766480464054171E+00
0.887781079733532E+00
0.940233850225334E+00
0.914202071951277E+00
0.813912409623650E+00
0.656603976840463E+00
0.469479787720525E+00
0.284322522238797E+00
0.131366075124662E+00
0.333504856495295E-01
0.133854848108005E-02
0.329799467522580E-01
0.113719071198127E+00
0.220528936845428E+00
0.327281079920976E+00
0.410388080805359E+00
0.453635705478661E+00
0.450837507102229E+00
0.406164086418001E+00
0.332216496773174E+00
0.246409071908422E+00
0.166696804962361E+00
0.107739963480310E+00
0.781063095692505E-01
0.791214520018487E-01
0.105323884098379E+00
0.146223511757334E+00
0.188863878880077E+00
0.220668509358951E+00
0.232044784425890E+00
0.218349711621940E+00
0.180937657812019E+00
0.127185147375121E+00
0.692975397060969E-01
0.222209471455440E-01
0.745345175633900E-03
0.163449870479093E-01
0.743488122882236E-01
0.172097134055842E+00
0.298651994028795E+00
0.436298974796126E+00
0.563791300705070E+00
0.660627165288552E+00
0.711489973872177E+00
0.709779454080689E+00
0.659332894248998E+00
0.573690064174083E+00
0.473150828943261E+00
0.380086735604564E+00
0.314041970956939E+00
0.287233092606659E+00
0.302081866631828E+00
0.351157664224236E+00
0.419292245080227E+00
0.487473208267717E+00
0.537369174128782E+00
0.555301108062337E+00
0.534970228372035E+00
0.478149702455383E+00
0.393807376294234E+00
0.295751342721834E+00
0.199793414616952E+00
0.120894023702784E+00
0.709222614576281E-01
0.572281599079123E-01
0.819524709284068E-01
0.141960008648061E+00
0.229307365457647E+00
0.332015295086785E+00
0.435382821327376E+00
0.523741807184200E+00
0.582621962088316E+00
0.601420217357351E+00
0.575490698882673E+00
0.507752581707793E+00
0.408838972312149E+00
0.295563555919180E+00
0.187905654874221E+00
0.104852611554111E+00
0.601841542666221E-01
0.592500921354699E-01
0.975489732569670E-01
0.161744899726034E+00
0.232864761776633E+00
0.291002860476716E+00
0.320319176675695E+00
0.313021196731476E+00
0.271302216752059E+00
0.206705812058256E+00
0.137118872723411E+00
0.821216995897382E-01
0.580134837954309E-01
0.737059171612607E-01
0.128559055366030E+00
0.212551521781614E+00
0.308722490051830E+00
0.397148137726825E+00
0.459439706091346E+00
0.482645018746639E+00
0.461937260309640E+00
0.401197977452779E+00
0.312057484236091E+00
0.211223223885983E+00
0.117243888403051E+00
0.470204649059790E-01
0.128254323589379E-01
0.203482462730184E-01
0.678717556503186E-01
0.146712159778688E+00
0.242719342113471E+00
0.338710023597663E+00
0.417353755838821E+00
0.464183694907467E+00
0.470231618623468E+00
0.433779228256997E+00
0.360953136555710E+00
0.264818129360822E+00
0.163111623841857E+00
0.750014071360386E-01
0.173080314045259E-01
0.111813749322261E-02
0.294531196529502E-01
0.965420558514038E-01
0.188925151567682E+00
0.288173725623362E+00
0.374708992020886E+00
0.431786445753128E+00
0.448852222421660E+00
0.423552714058862E+00
0.361790612879414E+00
0.276219357406904E+00
0.183188132471960E+00
0.991793361090508E-01
0.373249477833058E-01
0.495487994251352E-02
0.255088434766229E-02
0.242744052502863E-01
0.598778634130867E-01
0.974338959400626E-01
0.126218981192581E+00
0.139065775779788E+00
0.133663525790383E+00
0.112561098404318E+00
0.820041895075694E-01
0.498993802638109E-01
0.235462896813766E-01
0.773397834841330E-02
0.364057079830663E-02
0.889005468228622E-02
0.186291810569878E-01
0.273145845825824E-01
0.306323001552236E-01
0.270094838370016E-01
0.181851387787322E-01
0.869284867072686E-02
0.437101550897327E-02
0.103571738216127E-01
0.291877095960131E-01
0.596201053601154E-01
0.965980545838233E-01
0.132431099288962E+00
0.158832642512094E+00
0.169394481173639E+00
0.161473915798443E+00
0.137156946233225E+00
0.102842294392007E+00
0.675251567720017E-01
0.403448599613054E-01
0.280713111028290E-01
0.332886215841474E-01
0.538295214733400E-01
0.835732024058248E-01
0.114429266369694E+00
0.138716974151124E+00
0.151314558449990E+00
0.150977809718399E+00
0.140299592494673E+00
0.124568564095323E+00
0.109946754244508E+00
0.101452365923724E+00
0.101584056068892E+00
0.109936245848747E+00
0.123751001619754E+00
0.139233328913341E+00
0.153077206531241E+00
0.163566572739075E+00
0.170959715553800E+00
0.176988557819168E+00
0.183745323252239E+00
0.192475532857957E+00
0.202653046375883E+00
0.211850200247891E+00
0.216372119801470E+00
0.212512385583511E+00
0.197951412198003E+00
0.172764480683757E+00
0.139706877823908E+00
0.103603742936481E+00
0.700687980852025E-01
0.439892007092341E-01
0.282017905515168E-01
0.229104693034239E-01
0.258941329865147E-01
0.334601356574938E-01
0.417714836961468E-01
0.480284324202391E-01
0.511616349255466E-01
0.518042815155376E-01
0.515957764813486E-01
0.521927796241990E-01
0.543139206771765E-01
0.573260100210204E-01
0.594321208322266E-01
0.585065981633163E-01
0.531925724141931E-01
0.438602768611191E-01
0.330104661352889E-01
0.248969461934232E-01
0.243867143160625E-01
0.353969883882379E-01
0.593718432119442E-01
0.942816002492430E-01
0.134663441645346E+00
0.172545309470211E+00
0.199331615277954E+00
0.208042525539720E+00
0.195308496346559E+00
0.162655053311395E+00
0.116552650720958E+00
0.672857189630317E-01
0.267630663589430E-01
0.577826763146879E-02
0.114159060951539E-01
0.451557610912243E-01
0.102215792937200E+00
0.172300007859985E+00
0.241627273674918E+00
0.295882519472363E+00
0.323423022076775E+00
0.317968088921366E+00
0.280252823686614E+00
0.218148578865538E+00
0.145191941646289E+00
0.777850987286331E-01
0.316684997781670E-01
0.184007172369381E-01
0.426963195178983E-01
0.101210681863224E+00
0.183156468996536E+00
0.272503388933589E+00
0.351487015190959E+00
0.404469855000633E+00
0.421188064928978E+00
0.399014597723682E+00
0.343248176890526E+00
0.265779717479354E+00
0.182305940209307E+00
0.108839562227927E+00
0.583714142767331E-01
0.383875851930452E-01
0.497698305134602E-01
0.871946224890469E-01
0.140777308768699E+00
0.198522947619181E+00
0.248847393655517E+00
0.282699908609712E+00
0.294863770514049E+00
0.284376173484806E+00
0.253925252891319E+00
0.209000555487272E+00
0.156629544264370E+00
0.104192496086770E+00
0.585427032152298E-01
0.253025118238367E-01
0.838612109738101E-02
0.966014905082665E-02
0.286947408251969E-01
0.626597111736442E-01
0.106497740135390E+00
0.153378394696605E+00
0.195658005386253E+00
0.226022658916179E+00
0.238929452899055E+00
0.231774421797890E+00
0.205673953892170E+00
0.165459134503878E+00
0.118919661099040E+00
0.753043016919199E-01
0.434026759741693E-01
0.296842379610759E-01
0.368561881393312E-01
0.632566906108583E-01
0.103219121622468E+00
0.148316986638144E+00
0.189228319770451E+00
0.217736209035368E+00
0.228422497347132E+00
0.219621588006812E+00
0.193551888478129E+00
0.155482560951377E+00
0.112347766410616E+00
0.711284375573741E-01
0.373734549300049E-01
0.142664280795497E-01
0.240864951340506E-02
0.236823517155658E-03
0.492657398575787E-02
0.134462882463644E-01
0.234521962298138E-01
0.337451955745076E-01
0.442745680388514E-01
0.556881940551799E-01
0.686150246947214E-01
0.830603897954387E-01
0.980140191345452E-01
0.111499430181057E+00
0.120986886059924E+00
0.124158346586787E+00
0.119586528545243E+00
0.107313686662865E+00
0.889982087538016E-01
0.676213690707924E-01
0.468235330950791E-01
0.300723677124837E-01
0.198572646279989E-01
0.171460655651311E-01
0.212652290342772E-01
0.301678067632326E-01
0.410290311935566E-01
0.509884149935898E-01
0.578060793705929E-01
0.603035645719257E-01
0.585174530811183E-01
0.535048128013757E-01
0.469596719052241E-01
0.407327187352545E-01
0.364024175102848E-01
0.349674181284500E-01
0.367599114290492E-01
0.414897365644791E-01
0.484291594323707E-01
0.566374257707446E-01
0.651736795270212E-01
0.732503268232742E-01
0.803116417609917E-01
0.860721124533587E-01
0.904522979239743E-01
0.935266503945716E-01
0.954256580400530E-01
0.962121686869956E-01
0.958514694318437E-01
0.941100018392078E-01
0.906094828600008E-01
0.849185679870030E-01
0.766845517666604E-01
0.658568412593194E-01
0.528141196515843E-01
0.385162977334559E-01
0.243934378874391E-01
0.122129932731934E-01
0.373012237092642E-02
0.324229626518652E-03
0.265944129379763E-02
0.104698467842136E-01
0.225601671917700E-01
0.370101954075116E-01
0.515524108097342E-01
0.640426708270134E-01
0.728906303847173E-01
0.773402351655102E-01
0.775572016885567E-01
0.744836008276243E-01
0.694791708592963E-01
0.639981841290431E-01
0.591959636294878E-01
0.557013624360389E-01
0.535638588851802E-01
0.523588098075899E-01
0.513956672196518E-01
0.499744131634450E-01
0.475689432725358E-01
0.439303418849857E-01
0.390868123629209E-01
0.332560422679650E-01
0.267550168855976E-01
0.199421211794460E-01
0.132353201000497E-01
0.718006598646867E-02
0.253726976201560E-02
0.318020001842482E-03
0.168031766992606E-02
0.768019169072951E-02
0.189123665883616E-01
0.351066935519959E-01
0.548382997073330E-01
0.755065462520233E-01
0.936409899769371E-01
0.105539279726907E+00
0.108193049907612E+00
0.100178208892050E+00
0.823395792617699E-01
0.579619938341806E-01
0.322824006890530E-01
0.114103122698812E-01
0.797538816526677E-03
0.368378807957213E-02
0.199439715347490E-01
0.457473904501524E-01
0.742377395041047E-01
0.971898987039757E-01
0.107333644615884E+00
0.100660095489109E+00
0.781972491244527E-01
0.465290646797027E-01
0.168195705418648E-01
0.237554088112238E-02
0.153316566840648E-01
0.631449387026488E-01
0.145916613738936E+00
0.255335386081810E+00
0.375676051736800E+00
0.486756809752275E+00
0.568311531746665E+00
0.604798528454194E+00
0.589250164438885E+00
0.525568336124776E+00
0.428137407470527E+00
0.319150642348635E+00
0.223911008536865E+00
0.165386904046442E+00
0.159127958385056E+00
0.209830522990988E+00
0.310322826821118E+00
0.443086849866610E+00
0.584001744205663E+00
0.707426472923051E+00
0.791361828193023E+00
0.821514906964447E+00
0.793727255431640E+00
0.713945581833083E+00
0.596255069037277E+00
0.459605880734101E+00
0.323783044182783E+00
0.205865270003639E+00
0.117686988681201E+00
0.647056313657085E-01
0.462480904059159E-01
0.568425247482459E-01
0.880970519163196E-01
0.130604316931072E+00
0.175509285333843E+00
0.215479014546612E+00
0.245155672953813E+00
0.261170837536722E+00
0.262035294731864E+00
0.247989056458246E+00
0.220846142185495E+00
0.183886628572250E+00
0.141561161502452E+00
0.990032285124321E-01
0.611888782472968E-01
0.320580663033798E-01
0.136428166781625E-01
0.563236780629903E-02
0.555609106182154E-02
0.961469362630865E-02
0.140523036333755E-01
0.166624961210614E-01
0.179356856003516E-01
0.213797857200965E-01
0.327671092510769E-01
0.583671849017500E-01
0.102594556107540E+00
0.165728437580209E+00
0.242546890267638E+00
0.322413248633517E+00
0.391106493290532E+00
0.434083525499102E+00
0.440343577788628E+00
0.406038463158304E+00
0.336429357716916E+00
0.245792660796677E+00
0.154749015145926E+00
0.857310281063737E-01
0.575701796231983E-01
0.806311636471679E-01
0.153810222398327E+00
0.264294071242017E+00
0.390200520048190E+00
0.505581212511231E+00
0.586382108294659E+00
0.615981701675821E+00
0.588800746138894E+00
0.511145810104755E+00
0.399178416012686E+00
0.274609638360922E+00
0.159429062009440E+00
0.709576772099388E-01
0.185391388474872E-01
0.252893457829951E-02
0.155709391610845E-01
0.455851649763338E-01
0.794544283185092E-01
0.106334799164632E+00
0.119800922173991E+00
0.118435164790916E+00
0.104970064075293E+00
0.845967195294347E-01
0.630265673742338E-01
0.449061892052345E-01
0.330462063566979E-01
0.283272552628102E-01
0.301729119880829E-01
0.371646379987880E-01
0.475343231333790E-01
0.593345591556805E-01
0.704718700860106E-01
0.786957805514572E-01
0.818382129207230E-01
0.783548481803450E-01
0.681000560570130E-01
0.529910311462849E-01
0.372431590708559E-01
0.268323933631194E-01
0.282165078100225E-01
0.464315358088303E-01
0.832026949992102E-01
0.135643572883579E+00
0.196132931013069E+00
0.253532677788654E+00
0.295700906459729E+00
0.312588148580028E+00
0.299113337882430E+00
0.256886837240871E+00
0.194301360557123E+00
0.124654733356362E+00
0.628629140708783E-01
0.216691169526654E-01
0.824901034162736E-02
0.223794228319028E-01
0.566223312890720E-01
0.985454204622325E-01
0.134363789768441E+00
0.152943443778866E+00
0.148970317343393E+00
0.124472773658978E+00
0.880378299781640E-01
0.521602135003687E-01
0.293629678355400E-01
0.282889450219465E-01
0.509444539130146E-01
0.919029663542889E-01
0.139758293244931E+00
0.180413279766508E+00
0.201287776142356E+00
0.195170140910856E+00
0.162599367417673E+00
0.112101783737677E+00
0.580341419209152E-01
0.167743039147581E-01
0.216473850456725E-02
0.216060312956930E-01
0.738294388956133E-01
0.149027202410620E+00
0.231319470708926E+00
0.302792730462620E+00
0.348141095839309E+00
0.358470909531968E+00
0.333304293704414E+00
0.280316153545263E+00
0.212826132532961E+00
0.145978916062700E+00
0.925875858236416E-01
0.600071085682731E-01
0.487567729229740E-01
0.533070742790980E-01
0.646260288135901E-01
0.736713537863294E-01
0.746109696186659E-01
0.667868680282044E-01
0.548057327934632E-01
0.466891836748999E-01
0.507975342080383E-01
0.724422127168817E-01
0.111420052682099E+00
0.161329285779607E+00
0.210834045774373E+00
0.246885312933841E+00
0.258579538072216E+00
0.240685677775682E+00
0.195770461448938E+00
0.133994693827934E+00
0.706488838726850E-01
0.222000927896278E-01
0.170172124932358E-02
0.151546941070549E-01
0.597086261858353E-01
0.124324377229695E+00
0.192699815544471E+00
0.247634769382391E+00
0.275580067689050E+00
0.270135718467787E+00
0.233456787255954E+00
0.175420876322704E+00
0.110654017083601E+00
0.544949454304306E-01
0.189565210391244E-01
0.988181705116509E-02
0.259085069015147E-01
0.594902407741085E-01
0.994868776593985E-01
0.134418465109808E+00
0.155639645670449E+00
0.159205505102106E+00
0.146410918143796E+00
0.122676760648607E+00
0.955720183782906E-01
0.723375631586667E-01
0.579787275455827E-01
0.541487671858675E-01
0.592584996980647E-01
0.694136121695348E-01
0.799566033799199E-01
0.869343410733335E-01
0.881530666414765E-01
0.834866323800449E-01
0.745677824060901E-01
0.639570583989456E-01
0.542765021978209E-01
0.474408445664427E-01
0.443760833223057E-01
0.451053900828116E-01
0.490853398304843E-01
0.556461566201220E-01
0.642550526485666E-01
0.745293130246204E-01
0.860192394242554E-01
0.978888556756511E-01
0.108701147898347E+00
0.116444482416471E+00
0.118886811098175E+00
0.114203019417999E+00
0.101666721473856E+00
0.821484868007181E-01
0.582714298736195E-01
0.340673280765437E-01
0.141740525228178E-01
0.276682531554944E-02
0.250685636791586E-02
0.138006332268425E-01
0.345942040723211E-01
0.607422357938842E-01
0.869656610022417E-01
0.108030934311394E+00
0.119945120548180E+00
0.120858532410103E+00
0.111367654683295E+00
0.942934952319966E-01
0.739336738294290E-01
0.549603948970447E-01
0.414047457306334E-01
0.357815714390004E-01
0.387034143795350E-01
0.489376521154214E-01
0.638919568912007E-01
0.803306678944945E-01
0.951398092206583E-01
0.105959628980620E+00
0.111490579186324E+00
0.111598888914839E+00
0.107009729011820E+00
0.990346631327241E-01
0.891102675183603E-01
0.785242390191615E-01
0.682454943323795E-01
0.588768580056353E-01
0.507425003529152E-01
0.439833730821428E-01
0.386541482770846E-01
0.347641126315227E-01
0.322815526711872E-01
0.311162402236500E-01
0.311092202616789E-01
0.320835700160834E-01
0.338754500381786E-01
0.364274297062861E-01
0.398025750950203E-01
0.441723157182026E-01
0.496818692946142E-01
0.563335617307900E-01
0.637960070186669E-01
0.713764479308198E-01
0.780280177635040E-01
0.825404161753643E-01
0.838066140144363E-01
0.811482043627067E-01
0.745410350277445E-01
0.646875834927331E-01
0.529007418250856E-01
0.407946231971907E-01
0.298986310201997E-01
0.212735128941793E-01
0.152873527152698E-01
0.116354954904020E-01
0.959510789414445E-02
0.845953932574772E-02
0.800733970658906E-02
0.883422684248006E-02
0.124198642389700E-01
0.208408484031449E-01
0.362017035472451E-01
0.599000593695360E-01
0.919282155824352E-01
0.130459288540840E+00
0.171824280567593E+00
0.211035472548759E+00
0.242572459631086E+00
0.261637019800849E+00
0.265088972794511E+00
0.252210707303296E+00
0.225022053112294E+00
0.187914811066053E+00
0.146811799101307E+00
0.108096960619622E+00
0.773019878232245E-01
0.581973208385594E-01
0.521597320240307E-01
0.581250251253191E-01
0.729875748890470E-01
0.924300603064353E-01
0.111825861744663E+00
0.127143739793197E+00
0.135594735042378E+00
0.135975018134889E+00
0.128584551769270E+00
0.114929301349022E+00
0.972741482279098E-01
0.780470546471391E-01
0.594584259679989E-01
0.431629677936035E-01
0.301603407736348E-01
0.208166900695099E-01
0.149693443394978E-01
0.121373088472408E-01
0.116579772236592E-01
0.128541937871308E-01
0.151134537642709E-01
0.179422721702814E-01
0.209959200800189E-01
0.240518739179571E-01
0.270082094547942E-01
0.298311102814695E-01
0.325202121605407E-01
0.350660173023388E-01
0.374195400777039E-01
0.394821552300313E-01
0.411217316882049E-01
0.422197448135810E-01
0.427238568077626E-01
0.427138283065417E-01
0.424183861490660E-01
0.422288599248715E-01
0.425906271796137E-01
0.439274828406304E-01
0.464970198759779E-01
0.502904336439306E-01
0.549844516886248E-01
0.599449962322028E-01
0.643323467815074E-01
0.672798767497573E-01
0.680576249954601E-01
0.662566944797074E-01
0.618665738514297E-01
0.553016360436662E-01
0.472947099916432E-01
0.387689162994857E-01
0.306354261646308E-01
0.236191824726628E-01
0.181636947725105E-01
0.143828457435239E-01
0.121063966022473E-01
0.109657612094256E-01
0.105322922666036E-01
0.104063072177723E-01
0.102934638060508E-01
0.100281268391039E-01
0.955098665463950E-02
0.887111912408401E-02
0.801341356337238E-02
0.699518549866850E-02
0.582131200992807E-02
0.449644968445690E-02
0.307746776812469E-02
0.169222556525076E-02
0.577138457064112E-03
0.774318205277927E-04
0.632273478609281E-03
0.273225333026744E-02
0.685313082446135E-02
0.133749960468624E-01
0.224837861586858E-01
0.340697051749480E-01
0.476759718525114E-01
0.624419900615085E-01
0.771879284351252E-01
0.905213454756476E-01
0.101105390830722E+00
0.107944979960721E+00
0.110682440808927E+00
0.109830007766860E+00
0.106810576535748E+00
0.103801862320608E+00
0.103315056410570E+00
0.107653043943566E+00
0.118231179579534E+00
0.135115063905115E+00
0.156653378383474E+00
0.179649791376469E+00
0.199879075656616E+00
0.212885858974539E+00
0.215005733305039E+00
0.204321553149361E+00
0.181160968095253E+00
0.148313943345222E+00
0.110458434148560E+00
0.732888114155823E-01
0.422578323251337E-01
0.214150175233319E-01
0.125330690456007E-01
0.147869710037998E-01
0.250599129976532E-01
0.387942055607776E-01
0.511603233465223E-01
0.582808431390309E-01
0.580943085539955E-01
0.507957416470192E-01
0.386220554456074E-01
0.251704796734963E-01
0.143659193878967E-01
0.945596638747207E-02
0.122078082364701E-01
0.225450351581228E-01
0.386484464114859E-01
0.575120752809946E-01
0.756200304377887E-01
0.897895043607289E-01
0.977357164008543E-01
0.984185402906806E-01
0.921210872440766E-01
0.802511093086693E-01
0.650377758958936E-01
0.491998544470107E-01
0.355877482540784E-01
0.268625312529326E-01
0.251692073945288E-01
0.317675841559697E-01
0.466923134316395E-01
0.684622537151641E-01
0.940269828440652E-01
0.118998110453536E+00
0.138343352127751E+00
0.147358040128488E+00
0.142883415952090E+00
0.124357990707259E+00
0.944754727442302E-01
0.590689269904358E-01
0.262265261120399E-01
0.460013828725296E-02
0.137000666098852E-02
0.202699270880612E-01
0.602668972621477E-01
0.115302491347896E+00
0.175286991158913E+00
0.228180559480876E+00
0.262750529952002E+00
0.271274801081306E+00
0.251504809228657E+00
0.207437536410161E+00
0.148461644521297E+00
0.872131832291196E-01
0.366091644871529E-01
0.673896355489898E-02
0.254348001230524E-02
0.227281526708792E-01
0.602876825201329E-01
0.104433986234428E+00
0.143391062307925E+00
0.167378747468291E+00
0.170898401912352E+00
0.153876611959560E+00
0.121317429030541E+00
0.817168294143811E-01
0.446695178952900E-01
0.183208578446276E-01
0.746080819522497E-02
0.125600946973883E-01
0.300717078267738E-01
0.537223021645334E-01
0.764245418868085E-01
0.921998547488399E-01
0.975856892871793E-01
0.922412505088314E-01
0.785714072156104E-01
0.606902145596878E-01
0.430014594480159E-01
0.289178670669958E-01
0.200428532073232E-01
0.160331959661331E-01
0.151207095683977E-01
0.150233890100861E-01
0.139548166076091E-01
0.113250284416380E-01
0.800324360004541E-02
0.594551678682214E-02
0.746125337173523E-02
0.142894357687579E-01
0.268370389999629E-01
0.438382761464895E-01
0.625314009770453E-01
0.793516637039047E-01
0.908593422800637E-01
0.947094331118571E-01
0.902617288066252E-01
0.787468520355414E-01
0.628886533799253E-01
0.461095564339351E-01
0.315943428924867E-01
0.214607362759895E-01
0.163181476951843E-01
0.152749637348920E-01
0.164257679856688E-01
0.175850157373865E-01
0.170645459659859E-01
0.142149770831366E-01
0.957662536559976E-02
0.462663218761754E-02
0.119430062450330E-02
0.788505622590749E-03
0.404763038110414E-02
0.104979718945266E-01
0.187057324459684E-01
0.267397254630984E-01
0.327969549397899E-01
0.357660892604151E-01
0.355258945822058E-01
0.329224466260283E-01
0.293938039123198E-01
0.264252828994717E-01
0.250398827541151E-01
0.254477856974513E-01
0.270395702832892E-01
0.286671562983607E-01
0.291313175482477E-01
0.276306486524906E-01
0.240932655593516E-01
0.191456158969131E-01
0.138679265221472E-01
0.933501248473190E-02
0.621450108878280E-02
0.454051896702960E-02
0.382427637443785E-02
0.343669493942993E-02
0.314104936603094E-02
0.352608265516516E-02
0.612840069031828E-02
0.131085504888934E-01
0.265119972386469E-01
0.473092354424836E-01
0.745686065532757E-01
0.105055582107674E+00
0.133565793943939E+00
0.153936139456988E+00
0.160748421769507E+00
0.150925755249288E+00
0.125186794234303E+00
0.884818330072853E-01
0.493809423072976E-01
0.183414769405626E-01
0.525679643170488E-02
0.168508998436001E-01
0.546397900217007E-01
0.114038539312598E+00
0.184943852300894E+00
0.253771332185227E+00
0.306420271136351E+00
0.331582789049506E+00
0.323462303503719E+00
0.283348566753599E+00
0.219435959644182E+00
0.145161554872896E+00
0.761949451249510E-01
0.269844291234398E-01
0.756535964193403E-02
0.214405041988953E-01
0.649511964788734E-01
0.128258099520832E+00
0.197661709345091E+00
0.258644087520730E+00
0.298968136527159E+00
0.311109476637724E+00
0.293517819567626E+00
0.250545495243764E+00
0.191213016399093E+00
0.126992037148754E+00
0.693626478691930E-01
0.275844531939584E-01
0.708407540472051E-02
0.882823518073188E-02
0.295977237262487E-01
0.630695691945850E-01
0.101340522170815E+00
0.136571050572436E+00
0.162417497588851E+00
0.174963760358912E+00
0.173089603789737E+00
0.158308142230437E+00
0.134126866977688E+00
0.105175741645769E+00
0.762691281204292E-01
0.515904764038486E-01
0.340766628711419E-01
0.251219806705603E-01
0.245209560846856E-01
0.307090245853854E-01
0.411299319787622E-01
0.527518021305896E-01
0.625750666441012E-01
0.681582907316770E-01
0.679915440812308E-01
0.617548654866523E-01
0.504003911676908E-01
0.359457835976389E-01
0.211723088014002E-01
0.905233731474108E-02
0.216222996707503E-02
0.209274530538294E-02
0.905323000649939E-02
0.217326474253926E-01
0.375140396726284E-01
0.529741765730608E-01
0.646737764202977E-01
0.699383119527677E-01
0.675072353792801E-01
0.579066116963782E-01
0.433238748396713E-01
0.270876529757947E-01
0.128172599410441E-01
0.348107244414465E-02
0.606739706684385E-03
0.388896480100819E-02
0.113084396346317E-01
0.197422085743480E-01
0.259530428729784E-01
0.275924471279367E-01
0.240097499586645E-01
0.165765304219251E-01
0.836151290414535E-02
0.331372347203935E-02
0.506004601586077E-02
0.157391833449485E-01
0.351572913912975E-01
0.605651601259639E-01
0.871397847630109E-01
0.109111777696347E+00
0.121227102317574E+00
0.120177717392075E+00
0.105679212380067E+00
0.808152439407250E-01
0.515831388838288E-01
0.257115792150634E-01
0.110095336935901E-01
0.136049712792066E-01
0.364679698619490E-01
0.785735362045643E-01
0.134855074503706E+00
0.196973548958689E+00
0.254815080188997E+00
0.298348214210876E+00
0.319518232094108E+00
0.313923049913859E+00
0.281760130793907E+00
0.228035010187703E+00
0.161871630970424E+00
0.949941482765716E-01
0.396822374822565E-01
0.649484662176111E-02
0.218105788598687E-02
0.282487104130531E-01
0.804541973197640E-01
0.149421586572685E+00
0.222325750531093E+00
0.285343823588203E+00
0.326408985760739E+00
0.337714703255215E+00
0.317301481180092E+00
0.269583773701557E+00
0.204306850396462E+00
0.134485227767348E+00
0.736067080982842E-01
0.326490868211575E-01
0.177888147454366E-01
0.291695296439036E-01
0.611132999078374E-01
0.103602210323120E+00
0.144768845098341E+00
0.173718260106934E+00
0.183029360702933E+00
0.170393805473795E+00
0.139040792783925E+00
0.968267790337897E-01
0.543127401781353E-01
0.222818152337088E-01
0.928211536178038E-02
0.197109175216248E-01
0.528715093183817E-01
0.103171599315511E+00
0.161355962694798E+00
0.216474685808560E+00
0.258189632950091E+00
0.278873238453570E+00
0.275080955906520E+00
0.248070161542986E+00
0.203507531101143E+00
0.149997037679146E+00
0.972748122080619E-01
0.541133365382277E-01
0.265792994217088E-01
0.169224164050338E-01
0.234180440957317E-01
0.410696358674721E-01
0.630789867115326E-01
0.826002220820472E-01
0.944271114409992E-01
0.961173155358479E-01
0.883203391174671E-01
0.742499951084842E-01
0.585021420713376E-01
0.455503324601097E-01
0.384081428800679E-01
0.378059035983781E-01
0.421309178233092E-01
0.481110519124602E-01
0.520145928199117E-01
0.509571955273417E-01
0.439238428298911E-01
0.321588880855548E-01
0.188285932832156E-01
0.806622873180157E-02
0.368076478463002E-02
0.797266146836029E-02
0.209818293662112E-01
0.404098628491798E-01
0.622374265432605E-01
0.817866044367661E-01
0.949581590300113E-01
0.992380724925870E-01
0.942361278953197E-01
0.815751702463188E-01
0.642991975124240E-01
0.459603701887727E-01
0.296872445657335E-01
0.175094703664814E-01
0.100852656318802E-01
0.683539651812130E-02
0.639858295175568E-02
0.719224427850600E-02
0.790544144259453E-02
0.779186285001962E-02
0.670523956888605E-02
0.495135134325950E-02
0.303643516659840E-02
0.142219388163846E-02
0.389561924399214E-03
0.548932473381707E-05
0.190096575073693E-03
0.818245516115044E-03
0.180511558984716E-02
0.314761074743077E-02
0.491579103426132E-02
0.721382304829822E-02
0.101342522993102E-01
0.137362381728721E-01
0.179929491711325E-01
0.227713149911812E-01
0.277785920773938E-01
0.325045973409465E-01
0.362209195384621E-01
0.380738564289030E-01
0.372775159589618E-01
0.334218319805334E-01
0.268569039456499E-01
0.189229990846280E-01
0.120030564032409E-01
0.921915084592888E-02
0.137812788389420E-01
0.281056013127287E-01
0.529103816846007E-01
0.865554753289260E-01
0.124938472306227E+00
0.162021913924493E+00
0.191022370324857E+00
0.205950347215099E+00
0.203217551562682E+00
0.182770474523205E+00
0.148445469807928E+00
0.107391397289521E+00
0.686085556082258E-01
0.409624690765130E-01
0.311408048200311E-01
0.421109830084857E-01
0.724289059427730E-01
0.116618424634814E+00
0.166444340234955E+00
0.212788695593216E+00
0.247566711617080E+00
0.265292899923812E+00
0.263878306329889E+00
0.244597929532503E+00
0.211331223023163E+00
0.169482528738950E+00
0.124747770342125E+00
0.822681345685259E-01
0.461828659824587E-01
0.195655944227756E-01
0.463057903109161E-02
0.287368978743259E-02
0.150285663778538E-01
0.407391737762852E-01
0.780994709750300E-01
0.123233118446413E+00
0.170307821267367E+00
0.212072921691496E+00
0.241047030289583E+00
0.251106819479285E+00
0.239105916728095E+00
0.206076165756986E+00
0.157485517284137E+00
0.102495929822775E+00
0.521124438944632E-01
0.167314042980272E-01
0.361421670198493E-02
0.150306974113326E-01
0.475413423699862E-01
0.927171587706374E-01
0.139174503071819E+00
0.175399660190099E+00
0.192669780440615E+00
0.187195997002111E+00
0.161117182118919E+00
0.121730146650352E+00
0.795193143925327E-01
0.452370882961057E-01
0.270344641867225E-01
0.283370474914498E-01
0.470640223452237E-01
0.764190080142200E-01
0.106957724356315E+00
0.129373808085395E+00
0.137177859360054E+00
0.128500653066612E+00
0.106558963437078E+00
0.786548526406017E-01
0.540365031016018E-01
0.412047190796639E-01
0.455393942754632E-01
0.677764046724145E-01
0.103825966888873E+00
0.145887755923496E+00
0.184517973737573E+00
0.211060120080715E+00
0.219730388803670E+00
0.208854672225573E+00
0.180989263848722E+00
0.141953264889866E+00
0.991607377539557E-01
0.597383076790913E-01
0.289755083102020E-01
0.944027680656207E-02
0.920529295640385E-03
0.108487405916693E-02
0.654892704966826E-02
0.139958315721321E-01
0.210138935736215E-01
0.264557874971539E-01
0.303212766536390E-01
0.332938159357296E-01
0.361444480130237E-01
0.392611049424834E-01
0.424308779220071E-01
0.449142654941440E-01
0.457548822357501E-01
0.441772961409126E-01
0.399147740330437E-01
0.333319830145999E-01
0.253535815955584E-01
0.172076751466264E-01
0.100902032200113E-01
0.487668872627567E-02
0.194578878069263E-02
0.117872802498016E-02
0.207721687786287E-02
0.396549415680530E-02
0.617113801901360E-02
0.816623340911558E-02
0.960582317741563E-02
0.103097831791641E-01
0.102027502029249E-01
0.928662676073030E-02
0.763896924414835E-02
0.545053414695868E-02
0.309030211355935E-02
0.110815266136401E-02
0.211725670924286E-03
0.112340260310722E-02
0.440955226161470E-02
0.102835332378003E-01
0.184801747049840E-01
0.282129136652340E-01
0.382829802520517E-01
0.472954699674938E-01
0.539464914657005E-01
0.573313809920161E-01
0.571110896788968E-01
0.536126750545536E-01
0.477056497412770E-01
0.405998362469836E-01
0.335125881126732E-01
0.273830656215279E-01
0.226612590843903E-01
0.192440936489937E-01
0.165975148895232E-01
0.140134307928529E-01
0.109191414394295E-01
0.719634090196274E-02
0.336109768806146E-02
0.552777791488164E-03
0.328895694038186E-03
0.426360736712372E-02
0.134666937823279E-01
0.281325747763054E-01
0.472495850185287E-01
0.685779194629697E-01
0.889449675384314E-01
0.104817359529127E+00
0.113051330128338E+00
0.111683561448404E+00
0.100507065643855E+00
0.813038984348729E-01
0.577947307475339E-01
0.348738636951063E-01
0.177472191198961E-01
0.108182785794756E-01
0.166818499479511E-01
0.354604791011603E-01
0.646429909238224E-01
0.994710129748975E-01
0.133852164751980E+00
0.161565068069182E+00
0.177528161563168E+00
0.178812909212707E+00
0.165260588944692E+00
0.139456451005658E+00
0.106118456478756E+00
0.711560884369972E-01
0.403997867672443E-01
0.185010100985546E-01
0.811031545086683E-02
0.954335815298436E-02
0.209334404468109E-01
0.388375843180004E-01
0.590489571155040E-01
0.774939218969096E-01
0.909349617739836E-01
0.974098280977883E-01
0.963723970578110E-01
0.884970465246185E-01
0.753917335763446E-01
0.591731858275542E-01
0.421348725594376E-01
0.264748055684407E-01
0.141077695088802E-01
0.654421522663482E-02
0.477721811555419E-02
0.915594676259535E-02
0.192804405066816E-01
0.339441878067627E-01
0.511960399382425E-01
0.685634317947350E-01
0.834092572615722E-01
0.934127982708396E-01
0.970301307228122E-01
0.938310877277223E-01
0.845864235662091E-01
0.711362845258590E-01
0.559299501599455E-01
0.415078707928350E-01
0.299356345886007E-01
0.223897308499704E-01
0.190415041366549E-01
0.191549472079340E-01
0.214668286866322E-01
0.246289622587237E-01
0.276134099464976E-01
0.299618145799272E-01
0.317834562343667E-01
0.335653587533998E-01
0.358496008672313E-01
0.389159653043169E-01
0.425782506519767E-01
0.461741989275612E-01
0.487494390344488E-01
0.493839400915135E-01
0.475095486871562E-01
0.431567253543966E-01
0.370405340135095E-01
0.304164885758041E-01
0.248090576215859E-01
0.216447597205588E-01
0.219079788117666E-01
0.259155715451271E-01
0.332490004938073E-01
0.428421604291741E-01
0.531908750118270E-01
0.626569299151977E-01
0.697355136278753E-01
0.733367846772273E-01
0.729446229037675E-01
0.687406472492058E-01
0.616156160385766E-01
0.531251189510021E-01
0.453106890015193E-01
0.404612554865130E-01
0.407365167308796E-01
0.477426273609345E-01
0.621318620920770E-01
0.832526414306157E-01
0.109046074235583E+00
0.136130929120829E+00
0.160307444440372E+00
0.177202602535390E+00
0.183175149091379E+00
0.176064621554765E+00
0.155922828723107E+00
0.125240799183025E+00
0.886670777851051E-01
0.523669763817070E-01
0.229127925416816E-01
0.596005460357034E-02
0.508692250698474E-02
0.208802197795691E-01
0.506276895847210E-01
0.886884879821933E-01
0.127476988997633E+00
0.158974053547218E+00
0.176402218443189E+00
0.175739173408209E+00
0.156725931614407E+00
0.123067302262945E+00
0.818358775812694E-01
0.419919585886119E-01
0.124838817129669E-01
0.265605835944790E-03
0.867732684817372E-02
0.366258808944610E-01
0.787606096245853E-01
0.126633833681299E+00
0.170592981899510E+00
0.201938258538815E+00
0.214869012815225E+00
0.207711277459266E+00
0.183099762924026E+00
0.147262996532902E+00
0.108284453460123E+00
0.742432095074502E-01
0.512669210111732E-01
0.423308726026339E-01
0.468809267877196E-01
0.613467921688684E-01
0.804102305367868E-01
0.985156305967586E-01
0.111299923914600E+00
0.116519859787062E+00
0.114258335980390E+00
0.106506023656931E+00
0.962761544346564E-01
0.866016140240697E-01
0.796997225165129E-01
0.766205149128588E-01
0.773028053481146E-01
0.810801808751539E-01
0.872485402664297E-01
0.955636559239012E-01
0.106371489591107E+00
0.120396966962723E+00
0.138173309322676E+00
0.159426294792289E+00
0.182558544694137E+00
0.204575710434729E+00
0.221478289451497E+00
0.229043877904344E+00
0.223923549917424E+00
0.204651790692029E+00
0.172328192007905E+00
0.130732415913889E+00
0.858667363492849E-01
0.449214478222875E-01
0.149257771242071E-01
0.142717794039256E-02
0.742773483126963E-02
0.328535992490379E-01
0.746312653744520E-01
0.127311218306128E+00
0.184115162501209E+00
0.238080411362554E+00
0.283173659876566E+00
0.315031363193987E+00
0.331347967682934E+00
0.331890602319934E+00
0.318088176232393E+00
0.292526285305106E+00
0.258432575891693E+00
0.219174769101063E+00
0.177998709196347E+00
0.137914815392883E+00
0.101664747051693E+00
0.717597959872332E-01
0.504328434347566E-01
0.394926886325329E-01
0.400636019597669E-01
0.522744192721525E-01
0.749821166612572E-01
0.105641485917176E+00
0.140393321675190E+00
0.174484080788706E+00
0.202882946798552E+00
0.221080020150620E+00
0.225927595200386E+00
0.216146887610035E+00
0.192825837403605E+00
0.159146934424229E+00
0.119876621279788E+00
0.805145214066545E-01
0.462103589108993E-01
0.208049193320651E-01
0.613370103208140E-02
0.176926646252138E-02
0.528864547475008E-02
0.129680259391010E-01
0.207777111910566E-01
0.254067973699950E-01
0.250809925033053E-01
0.199826409979699E-01
0.121718344574518E-01
0.502215020025226E-02
0.233855811058775E-02
0.737039083203306E-02
0.219834326088339E-01
0.461685991069643E-01
0.780197019180647E-01
0.114140273802726E+00
0.150388761864685E+00
0.182698900560140E+00
0.207870740841235E+00
0.224029128524967E+00
0.230778117568026E+00
0.229031409865827E+00
0.220565375283030E+00
0.207494348112160E+00
0.191920435744314E+00
0.175503391919120E+00
0.159468795828220E+00
0.144598902558290E+00
0.131410135488937E+00
0.120223522146684E+00
0.111307395044868E+00
0.104839779011886E+00
0.100851178165918E+00
0.992107834635597E-01
0.995535995227491E-01
0.101344578757465E+00
0.103923663272498E+00
0.106609047560874E+00
0.108702556394180E+00
0.109538917288203E+00
0.108429441166529E+00
0.104738938017057E+00
0.979103160067170E-01
0.877037449852544E-01
0.744175945059874E-01
0.591150431158768E-01
0.437187108208566E-01
0.307624643519157E-01
0.229241718208090E-01
0.222764981022706E-01
0.294854808148208E-01
0.432554947591151E-01
0.602401422074396E-01
0.756151140369964E-01
0.842436998901056E-01
0.822636734016121E-01
0.686423252769466E-01
0.461668420708918E-01
0.214530085788243E-01
0.390287879598705E-02
0.349495696034394E-02
0.280869740877833E-01
0.808242281820976E-01
0.158440174838417E+00
0.251058026927152E+00
0.343719693236027E+00
0.419405038656025E+00
0.462946146026303E+00
0.464692596125348E+00
0.423223504173463E+00
0.346010461108550E+00
0.248005686599891E+00
0.148396589938206E+00
0.661894243743406E-01
0.158804962775987E-01
0.422691362962539E-02
0.289832196547643E-01
0.798719523589725E-01
0.141483545689397E+00
0.197290181786717E+00
0.233703787838835E+00
0.243103042075039E+00
0.225071441865490E+00
0.185771431546575E+00
0.135550947279537E+00
0.858519392501668E-01
0.460710834993520E-01
0.214747292800768E-01
0.124878310835837E-01
0.155052223931594E-01
0.247466554584150E-01
0.344786272711980E-01
0.408442673547594E-01
0.427810587934528E-01
0.417633613117388E-01
0.406614889232344E-01
0.421582418641224E-01
0.473928749729713E-01
0.553179040042982E-01
0.630369179210579E-01
0.669161263112345E-01
0.641108568575308E-01
0.539035132229698E-01
0.382455905854759E-01
0.213649886763246E-01
0.847774399638642E-02
0.401413922493931E-02
0.999271975989129E-02
0.251499944866841E-01
0.451367419483540E-01
0.638055440070361E-01
0.751643896232020E-01
0.753783997120946E-01
0.641151588952206E-01
0.447607295378449E-01
0.233775106558051E-01
0.675879087163485E-02
0.162048444321243E-03
0.553082407849388E-02
0.208083323391166E-01
0.406113990340117E-01
0.580621376371330E-01
0.671873436951843E-01
0.650766232673970E-01
0.530051706861088E-01
0.361344881133076E-01
0.218177649209970E-01
0.170462332270674E-01
0.258657042769258E-01
0.477066989496510E-01
0.771979260092796E-01
0.105634078202667E+00
0.123760945509715E+00
0.124793521967714E+00
0.107066966471508E+00
0.750249142798035E-01
0.383863183733030E-01
0.958935139473068E-02
0.209681583285436E-03
0.174296657087894E-01
0.616249895274473E-01
0.125844161233965E+00
0.197308677931198E+00
0.260597739520515E+00
0.301621343417745E+00
0.311174860469469E+00
0.287248511301909E+00
0.235383760232420E+00
0.167172254902644E+00
0.972944245341173E-01
0.400752316120670E-01
0.640440771752100E-02
0.179396936616322E-02
0.258855158193575E-01
0.733160537180051E-01
0.135501898111851E+00
0.202656160430122E+00
0.265552950886237E+00
0.316658431935539E+00
0.350575341457180E+00
0.364031517267144E+00
0.355720948297067E+00
0.326243329451246E+00
0.278285368821375E+00
0.216833675129278E+00
0.149251273479796E+00
0.847981296643188E-01
0.335180148544966E-01
0.443820571382646E-02
0.356314003225066E-02
0.320636223609398E-01
0.853438659025499E-01
0.153355948751037E+00
0.222316122180725E+00
0.277528850874032E+00
0.306735878643173E+00
0.303047876177316E+00
0.266768800406425E+00
0.205684781194381E+00
0.133294651015106E+00
0.657436248430018E-01
0.180087487174850E-01
0.291583392986835E-03
0.155704023175942E-01
0.589161563322933E-01
0.118769008960404E+00
0.179837166866607E+00
0.226865861343523E+00
0.248398814741904E+00
0.239475575371854E+00
0.202684572849091E+00
0.147342132490084E+00
0.870238403780071E-01
0.361021300603370E-01
0.623773424654931E-02
0.367813970220269E-02
0.279909160343547E-01
0.725027050562787E-01
0.126241016228004E+00
0.176782526897286E+00
0.213256943349647E+00
0.228736202840053E+00
0.221470043075507E+00
0.194699369708775E+00
0.155404435803200E+00
0.112220301738241E+00
0.733382671795373E-01
0.448067831603029E-01
0.296504072617257E-01
0.279092074310145E-01
0.372958579221548E-01
0.542576171480320E-01
0.749282507286854E-01
0.958153078728923E-01
0.114029293230855E+00
0.127257373961331E+00
0.133652150174587E+00
0.131837625941216E+00
0.121221418257410E+00
0.102448672399824E+00
0.778354616862774E-01
0.514961190341392E-01
0.288785161515276E-01
0.157193192742501E-01
0.165703596236333E-01
0.333054679324407E-01
0.641129971483416E-01
0.103383831703500E+00
0.142715369046975E+00
0.172826861909898E+00
0.185985422626154E+00
0.178194064243880E+00
0.150555186986766E+00
0.109233841946413E+00
0.640129416645012E-01
0.257825674040877E-01
0.360455223429012E-02
0.223275038762407E-02
0.208031983575834E-01
0.531211947574094E-01
0.894338642569170E-01
0.119266211623214E+00
0.134383389806326E+00
0.131162547893999E+00
0.111584730022928E+00
0.826108894732118E-01
0.541673671638634E-01
0.363541789494736E-01
0.365952099286919E-01
0.576596262227702E-01
0.969861185475957E-01
0.147445801144969E+00
0.199333437233691E+00
0.242825826267718E+00
0.270405000043354E+00
0.278496474999804E+00
0.267921309261616E+00
0.243300040127416E+00
0.211550871892805E+00
0.180026508795331E+00
0.154787814877388E+00
0.139497137365200E+00
0.134954052021235E+00
0.139450193125830E+00
0.149561255936277E+00
0.161206719755477E+00
0.170587112740380E+00
0.174874458142148E+00
0.172522921139554E+00
0.163303615561779E+00
0.148166076582785E+00
0.128905728300534E+00
0.107905954870483E+00
0.878039758297737E-01
0.711565199993377E-01
0.600986175687823E-01
0.559588970288643E-01
0.589495319823651E-01
0.680029102356764E-01
0.808129906999283E-01
0.941886440958114E-01
0.104676294463485E+00
0.109263702342459E+00
0.106141854194583E+00
0.951841528045813E-01
0.780651223759771E-01
0.579637743073625E-01
0.388488491801195E-01
0.245776143422961E-01
0.179534047694450E-01
0.200660520739572E-01
0.300095972761617E-01
0.451148196429185E-01
0.616036401340634E-01
0.754829451761285E-01
0.835062515013235E-01
0.839401934649033E-01
0.769211435985419E-01
