    0.1570796E+01     0.1000078E+04
    0.1727876E+02     0.1000760E+04
    0.3298672E+02     0.1000997E+04
    0.4869469E+02     0.1000649E+04
    0.6440265E+02     0.9999215E+03
    0.8011061E+02     0.9992396E+03
    0.9581858E+02     0.9990031E+03
    0.1115265E+03     0.9993506E+03
    0.1272345E+03     0.1000078E+04
    0.1429425E+03     0.1000760E+04
    0.1586504E+03     0.1000997E+04
    0.1743584E+03     0.1000649E+04
    0.1900664E+03     0.9999215E+03
    0.2057743E+03     0.9992396E+03
    0.2214823E+03     0.9990031E+03
    0.2371902E+03     0.9993506E+03
    0.2528982E+03     0.1000078E+04
    0.2686062E+03     0.1000760E+04
    0.2843141E+03     0.1000997E+04
    0.3000221E+03     0.1000649E+04
    0.3157301E+03     0.9999215E+03
    0.3314380E+03     0.9992396E+03
    0.3471460E+03     0.9990031E+03
    0.3628540E+03     0.9993506E+03
    0.3785619E+03     0.1000078E+04
    0.3942699E+03     0.1000760E+04
    0.4099778E+03     0.1000997E+04
    0.4256858E+03     0.1000649E+04
    0.4413938E+03     0.9999215E+03
    0.4571017E+03     0.9992396E+03
    0.4728097E+03     0.9990031E+03
    0.4885177E+03     0.9993506E+03
    0.5042256E+03     0.1000078E+04
    0.5199336E+03     0.1000760E+04
    0.5356415E+03     0.1000997E+04
    0.5513495E+03     0.1000649E+04
    0.5670575E+03     0.9999215E+03
    0.5827654E+03     0.9992396E+03
    0.5984734E+03     0.9990031E+03
    0.6141814E+03     0.9993506E+03
    0.6298893E+03     0.1000078E+04
    0.6455973E+03     0.1000760E+04
    0.6613053E+03     0.1000997E+04
    0.6770132E+03     0.1000649E+04
    0.6927212E+03     0.9999215E+03
    0.7084291E+03     0.9992396E+03
    0.7241371E+03     0.9990031E+03
    0.7398451E+03     0.9993506E+03
    0.7555530E+03     0.1000078E+04
    0.7712610E+03     0.1000760E+04
    0.7869690E+03     0.1000997E+04
    0.8026769E+03     0.1000649E+04
    0.8183849E+03     0.9999215E+03
    0.8340928E+03     0.9992396E+03
    0.8498008E+03     0.9990031E+03
    0.8655088E+03     0.9993506E+03
    0.8812167E+03     0.1000078E+04
    0.8969247E+03     0.1000760E+04
    0.9126327E+03     0.1000997E+04
    0.9283406E+03     0.1000649E+04
    0.9440486E+03     0.9999215E+03
    0.9597566E+03     0.9992396E+03
    0.9754645E+03     0.9990031E+03
    0.9911725E+03     0.9993506E+03
    0.1006880E+04     0.1000078E+04
    0.1022588E+04     0.1000760E+04
    0.1038296E+04     0.1000997E+04
    0.1054004E+04     0.1000649E+04
    0.1069712E+04     0.9999215E+03
    0.1085420E+04     0.9992396E+03
    0.1101128E+04     0.9990031E+03
    0.1116836E+04     0.9993506E+03
    0.1132544E+04     0.1000078E+04
    0.1148252E+04     0.1000760E+04
    0.1163960E+04     0.1000997E+04
    0.1179668E+04     0.1000649E+04
    0.1195376E+04     0.9999215E+03
    0.1211084E+04     0.9992396E+03
    0.1226792E+04     0.9990031E+03
    0.1242500E+04     0.9993506E+03
    0.1258208E+04     0.1000078E+04
    0.1273916E+04     0.1000760E+04
    0.1289624E+04     0.1000997E+04
    0.1305332E+04     0.1000649E+04
    0.1321040E+04     0.9999215E+03
    0.1336748E+04     0.9992396E+03
    0.1352456E+04     0.9990031E+03
    0.1368164E+04     0.9993506E+03
    0.1383872E+04     0.1000078E+04
    0.1399580E+04     0.1000760E+04
    0.1415287E+04     0.1000997E+04
    0.1430995E+04     0.1000649E+04
    0.1446703E+04     0.9999215E+03
    0.1462411E+04     0.9992396E+03
    0.1478119E+04     0.9990031E+03
    0.1493827E+04     0.9993506E+03
    0.1509535E+04     0.1000078E+04
    0.1525243E+04     0.1000760E+04
    0.1540951E+04     0.1000997E+04
    0.1556659E+04     0.1000649E+04
    0.1572367E+04     0.9999215E+03
